date,TA_MAX,TA_MIN,TA_MED,TA_OSC,P_RAIN
2016-09-01,38.0,16.0,27.0,22.0,0.0
2016-09-02,38.0,17.0,27.5,21.0,0.0
2016-09-03,41.0,18.0,29.5,23.0,0.0
2016-09-04,42.0,19.0,30.5,23.0,0.0
2016-09-05,46.0,19.0,32.5,27.0,0.0
2016-09-06,38.0,18.0,28.0,20.0,0.0
2016-09-07,34.0,17.0,25.5,17.0,0.0
2016-09-08,33.0,14.0,23.5,19.0,0.0
2016-09-09,29.0,14.5,21.75,14.5,0.0
2016-09-10,30.0,13.0,21.5,17.0,0.0
2016-09-11,31.0,14.0,22.5,17.0,0.0
2016-09-12,34.0,14.0,24.0,20.0,0.0
2016-09-13,26.0,16.0,21.0,10.0,0.0
2016-09-14,25.0,10.0,17.5,15.0,7.0
2016-09-15,26.0,10.0,18.0,16.0,0.0
2016-09-16,30.0,11.0,20.5,19.0,0.0
2016-09-17,34.0,11.5,22.75,22.5,0.0
2016-09-18,33.0,11.0,22.0,22.0,0.0
2016-09-19,28.0,12.0,20.0,16.0,0.0
2016-09-20,30.0,12.0,21.0,18.0,0.0
2016-09-21,29.0,15.0,22.0,14.0,0.0
2016-09-22,27.0,13.0,20.0,14.0,0.0
2016-09-23,29.0,11.0,20.0,18.0,0.0
2016-09-24,31.0,11.0,21.0,20.0,0.0
2016-09-25,30.0,11.0,20.5,19.0,0.0
2016-09-26,30.0,11.0,20.5,19.0,0.0
2016-09-27,34.0,11.5,22.75,22.5,0.0
2016-09-28,34.0,14.0,24.0,20.0,0.0
2016-09-29,32.0,14.5,23.25,17.5,0.0
2016-09-30,34.0,15.0,24.5,19.0,0.0
2016-10-01,28.0,13.0,20.5,15.0,0.0
2016-10-02,29.0,12.0,20.5,17.0,0.0
2016-10-03,33.0,9.5,21.25,23.5,0.0
2016-10-04,32.0,10.0,21.0,22.0,0.0
2016-10-05,34.0,12.0,23.0,22.0,0.0
2016-10-06,30.0,12.5,21.25,17.5,0.0
2016-10-07,30.0,11.0,20.5,19.0,0.0
2016-10-08,30.0,11.5,20.75,18.5,0.0
2016-10-09,25.0,11.5,18.25,13.5,0.0
2016-10-10,25.0,8.0,16.5,17.0,0.0
2016-10-11,24.0,8.0,16.0,16.0,0.0
2016-10-12,22.0,8.0,15.0,14.0,13.7
2016-10-13,22.0,12.0,17.0,10.0,8.6
2016-10-14,22.0,12.0,17.0,10.0,0.0
2016-10-15,26.0,8.0,17.0,18.0,0.0
2016-10-16,28.0,8.0,18.0,20.0,0.0
2016-10-17,26.0,11.0,18.5,15.0,0.0
2016-10-18,30.0,13.0,21.5,17.0,0.0
2016-10-19,30.0,14.0,22.0,16.0,0.0
2016-10-20,28.0,14.0,21.0,14.0,0.0
2016-10-21,26.0,12.0,19.0,14.0,0.0
2016-10-22,22.0,11.5,16.75,10.5,20.5
2016-10-23,20.0,16.0,18.0,4.0,18.2
2016-10-24,22.0,14.0,18.0,8.0,25.4
2016-10-25,25.0,15.0,20.0,10.0,2.6
2016-10-26,30.0,15.0,22.5,15.0,0.5
2016-10-27,30.0,16.0,23.0,14.0,0.0
2016-10-28,30.0,14.0,22.0,16.0,0.0
2016-10-29,30.0,14.0,22.0,16.0,0.0
2016-10-30,29.0,13.0,21.0,16.0,0.0
2016-10-31,25.5,10.0,17.75,15.5,0.0
2016-11-01,28.0,10.5,19.25,17.5,0.0
2016-11-02,26.0,11.0,18.5,15.0,0.0
2016-11-03,29.0,12.0,20.5,17.0,0.0
2016-11-04,21.0,13.0,17.0,8.0,0.9
2016-11-05,24.0,16.0,20.0,8.0,1.3
2016-11-06,17.0,8.0,12.5,9.0,2.5
2016-11-07,17.5,5.0,11.25,12.5,0.0
2016-11-08,17.0,4.5,10.75,12.5,0.0
2016-11-09,21.5,4.5,13.0,17.0,0.0
2016-11-10,18.0,5.0,11.5,13.0,0.0
2016-11-11,19.0,4.5,11.75,14.5,0.0
2016-11-12,20.0,4.5,12.25,15.5,0.0
2016-11-13,20.5,6.5,13.5,14.0,0.0
2016-11-14,22.0,6.0,14.0,16.0,0.0
2016-11-15,20.5,6.5,13.5,14.0,0.0
2016-11-16,21.0,5.5,13.25,15.5,0.0
2016-11-17,21.5,2.5,12.0,19.0,0.0
2016-11-18,21.5,3.0,12.25,18.5,0.0
2016-11-19,20.0,4.5,12.25,15.5,0.0
2016-11-20,21.0,6.5,13.75,14.5,0.0
2016-11-21,18.0,11.5,14.75,6.5,7.8
2016-11-22,17.5,10.5,14.0,7.0,37.0
2016-11-23,16.0,5.0,10.5,11.0,0.0
2016-11-24,11.5,3.0,7.25,8.5,0.0
2016-11-25,17.5,3.0,10.25,14.5,8.9
2016-11-26,18.0,11.0,14.5,7.0,42.7
2016-11-27,15.0,11.0,13.0,4.0,18.8
2016-11-28,17.5,6.0,11.75,11.5,5.9
2016-11-29,18.0,6.5,12.25,11.5,0.0
2016-11-30,17.0,6.5,11.75,10.5,0.0
2016-12-01,17.5,9.0,13.25,8.5,5.0
2016-12-02,14.0,11.0,12.5,3.0,25.0
2016-12-03,20.0,13.5,16.75,6.5,30.0
2016-12-04,20.5,13.5,17.0,7.0,30.0
2016-12-05,20.0,12.0,16.0,8.0,0.0
2016-12-06,19.0,11.0,15.0,8.0,0.0
2016-12-07,13.0,10.0,11.5,3.0,0.0
2016-12-08,18.0,10.5,14.25,7.5,0.0
2016-12-09,18.0,10.0,14.0,8.0,0.0
2016-12-10,17.5,9.5,13.5,8.0,0.0
2016-12-11,18.0,9.0,13.5,9.0,0.0
2016-12-12,17.5,7.5,12.5,10.0,0.0
2016-12-13,17.0,6.5,11.75,10.5,0.0
2016-12-14,16.5,9.0,12.75,7.5,0.0
2016-12-15,14.0,6.0,10.0,8.0,7.5
2016-12-16,13.0,8.0,10.5,5.0,9.1
2016-12-17,12.0,6.0,9.0,6.0,0.0
2016-12-18,14.0,10.0,12.0,4.0,0.0
2016-12-19,17.0,7.0,12.0,10.0,0.0
2016-12-20,14.0,2.0,8.0,12.0,0.0
2016-12-21,14.0,2.5,8.25,11.5,0.0
2016-12-22,16.0,4.0,10.0,12.0,0.0
2016-12-23,17.0,6.0,11.5,11.0,0.0
2016-12-24,16.5,6.5,11.5,10.0,0.0
2016-12-25,18.0,8.0,13.0,10.0,0.0
2016-12-26,18.0,5.0,11.5,13.0,0.0
2016-12-27,15.0,4.0,9.5,11.0,0.0
2016-12-28,18.0,4.5,11.25,13.5,0.0
2016-12-29,18.0,7.0,12.5,11.0,0.0
2016-12-30,17.0,6.0,11.5,11.0,0.0
2016-12-31,16.5,5.5,11.0,11.0,0.0
2017-01-01,20.0,5.0,12.5,15.0,0.0
2017-01-02,18.0,5.5,11.75,12.5,0.0
2017-01-03,18.0,6.0,12.0,12.0,0.0
2017-01-04,19.0,7.0,13.0,12.0,0.0
2017-01-05,17.5,6.5,12.0,11.0,0.0
2017-01-06,18.0,6.5,12.25,11.5,0.0
2017-01-07,17.5,6.0,11.75,11.5,0.0
2017-01-08,15.5,6.0,10.75,9.5,0.0
2017-01-09,16.5,2.0,9.25,14.5,0.0
2017-01-10,17.0,2.5,9.75,14.5,0.0
2017-01-11,17.0,2.5,9.75,14.5,0.0
2017-01-12,17.0,5.5,11.25,11.5,0.0
2017-01-13,12.0,3.5,7.75,8.5,0.0
2017-01-14,14.0,3.0,8.5,11.0,0.0
2017-01-15,14.0,4.0,9.0,10.0,0.0
2017-01-16,16.0,1.5,8.75,14.5,0.0
2017-01-17,11.0,-1.0,5.0,12.0,0.0
2017-01-18,8.0,2.5,5.25,5.5,0.0
2017-01-19,10.0,1.0,5.5,9.0,0.0
2017-01-20,13.0,3.0,8.0,10.0,0.0
2017-01-21,14.0,-0.5,6.75,14.5,0.0
2017-01-22,12.0,0.0,6.0,12.0,0.0
2017-01-23,14.0,-2.0,6.0,16.0,0.0
2017-01-24,10.5,-2.0,4.25,12.5,0.0
2017-01-25,16.5,-2.0,7.25,18.5,0.0
2017-01-26,11.0,1.0,6.0,10.0,0.0
2017-01-27,18.0,7.0,12.5,11.0,17.5
2017-01-28,17.0,6.0,11.5,11.0,0.0
2017-01-29,11.0,4.0,7.5,7.0,0.0
2017-01-30,17.0,5.5,11.25,11.5,0.0
2017-01-31,17.0,5.0,11.0,12.0,0.0
2017-02-01,21.5,7.0,14.25,14.5,0.4
2017-02-02,17.5,9.0,13.25,8.5,1.6
2017-02-03,18.0,11.5,14.75,6.5,4.5
2017-02-04,17.5,7.0,12.25,10.5,0.2
2017-02-05,17.5,13.0,15.25,4.5,1.6
2017-02-06,13.0,4.0,8.5,9.0,0.0
2017-02-07,18.0,4.0,11.0,14.0,0.0
2017-02-08,17.5,4.5,11.0,13.0,0.0
2017-02-09,16.5,4.5,10.5,12.0,0.0
2017-02-10,13.0,5.5,9.25,7.5,0.0
2017-02-11,14.0,6.0,10.0,8.0,0.0
2017-02-12,14.0,8.5,11.25,5.5,13.0
2017-02-13,13.0,11.0,12.0,2.0,32.1
2017-02-14,20.0,11.0,15.5,9.0,1.6
2017-02-15,21.0,9.0,15.0,12.0,0.0
2017-02-16,18.0,8.0,13.0,10.0,0.0
2017-02-17,19.5,7.0,13.25,12.5,0.0
2017-02-18,17.5,7.5,12.5,10.0,0.0
2017-02-19,17.5,7.5,12.5,10.0,0.0
2017-02-20,16.0,10.0,13.0,6.0,0.0
2017-02-21,20.0,11.0,15.5,9.0,0.0
2017-02-22,21.0,8.0,14.5,13.0,0.0
2017-02-23,18.0,11.0,14.5,7.0,0.0
2017-02-24,18.5,9.0,13.75,9.5,0.0
2017-02-25,18.0,12.0,15.0,6.0,0.0
2017-02-26,17.5,7.0,12.25,10.5,0.0
2017-02-27,18.0,6.0,12.0,12.0,0.0
2017-02-28,19.0,6.0,12.5,13.0,0.0
2017-03-01,21.0,6.5,13.75,14.5,0.0
2017-03-02,21.0,7.0,14.0,14.0,0.0
2017-03-03,14.0,8.5,11.25,5.5,0.0
2017-03-04,18.0,10.5,14.25,7.5,30.0
2017-03-05,20.0,9.0,14.5,11.0,7.0
2017-03-06,22.0,10.5,16.25,11.5,0.0
2017-03-07,24.5,11.0,17.75,13.5,0.0
2017-03-08,26.0,11.0,18.5,15.0,0.0
2017-03-09,29.0,12.5,20.75,16.5,0.0
2017-03-10,28.5,9.5,19.0,19.0,0.0
2017-03-11,25.0,8.0,16.5,17.0,0.0
2017-03-12,24.0,11.0,17.5,13.0,0.0
2017-03-13,13.5,7.0,10.25,6.5,0.0
2017-03-14,13.5,9.0,11.25,4.5,0.0
2017-03-15,19.5,11.0,15.25,8.5,0.5
2017-03-16,17.5,10.0,13.75,7.5,0.0
2017-03-17,21.5,11.5,16.5,10.0,1.5
2017-03-18,24.0,10.0,17.0,14.0,0.0
2017-03-19,26.0,9.0,17.5,17.0,0.0
2017-03-20,23.0,8.5,15.75,14.5,0.0
2017-03-21,20.0,9.0,14.5,11.0,0.0
2017-03-22,17.5,7.0,12.25,10.5,0.0
2017-03-23,16.0,3.0,9.5,13.0,0.0
2017-03-24,16.0,2.5,9.25,13.5,0.0
2017-03-25,18.0,8.0,13.0,10.0,1.8
2017-03-26,18.0,11.0,14.5,7.0,9.2
2017-03-27,20.5,11.5,16.0,9.0,9.0
2017-03-28,22.0,9.0,15.5,13.0,0.3
2017-03-29,25.5,10.5,18.0,15.0,0.0
2017-03-30,26.0,10.5,18.25,15.5,0.0
2017-03-31,22.0,9.5,15.75,12.5,0.0
2017-04-01,,7.0,,,0.0
2017-04-02,25.0,,,,
2017-04-03,26.0,9.0,17.5,17.0,0.0
2017-04-04,26.0,7.5,16.75,18.5,0.0
2017-04-05,26.0,8.0,17.0,18.0,0.0
2017-04-06,26.5,7.5,17.0,19.0,0.0
2017-04-07,28.0,10.0,19.0,18.0,0.0
2017-04-08,26.0,8.0,17.0,18.0,0.0
2017-04-09,28.0,7.0,17.5,21.0,0.0
2017-04-10,29.0,7.0,18.0,22.0,0.0
2017-04-11,29.5,9.0,19.25,20.5,0.0
2017-04-12,30.0,7.5,18.75,22.5,0.0
2017-04-13,24.0,9.0,16.5,15.0,0.0
2017-04-14,27.0,10.0,18.5,17.0,0.0
2017-04-15,30.0,11.0,20.5,19.0,0.0
2017-04-16,26.0,10.5,18.25,15.5,0.0
2017-04-17,26.5,10.0,18.25,16.5,0.0
2017-04-18,33.5,12.0,22.75,21.5,0.0
2017-04-19,26.0,11.5,18.75,14.5,0.0
2017-04-20,26.0,11.0,18.5,15.0,0.0
2017-04-21,24.5,13.5,19.0,11.0,0.0
2017-04-22,25.5,10.5,18.0,15.0,0.6
2017-04-23,26.0,13.5,19.75,12.5,0.0
2017-04-24,26.0,11.5,18.75,14.5,0.0
2017-04-25,23.0,12.0,17.5,11.0,0.0
2017-04-26,22.0,8.5,15.25,13.5,0.0
2017-04-27,21.5,8.0,14.75,13.5,19.0
2017-04-28,21.0,13.0,17.0,8.0,14.5
2017-04-29,21.5,15.0,18.25,6.5,0.0
2017-04-30,21.0,11.0,16.0,10.0,0.0
2017-05-01,25.0,8.0,16.5,17.0,0.0
2017-05-02,26.0,10.0,18.0,16.0,0.0
2017-05-03,30.5,11.5,21.0,19.0,0.0
2017-05-04,26.0,11.0,18.5,15.0,0.0
2017-05-05,26.0,11.5,18.75,14.5,0.4
2017-05-06,25.5,11.0,18.25,14.5,0.0
2017-05-07,29.5,12.5,21.0,17.0,0.0
2017-05-08,31.0,12.5,21.75,18.5,0.0
2017-05-09,23.5,10.0,16.75,13.5,0.0
2017-05-10,22.0,16.0,19.0,6.0,2.4
2017-05-11,22.0,16.0,19.0,6.0,0.0
2017-05-12,22.0,15.5,18.75,6.5,8.5
2017-05-13,24.5,14.5,19.5,10.0,4.5
2017-05-14,26.0,12.0,19.0,14.0,0.0
2017-05-15,32.5,13.0,22.75,19.5,0.0
2017-05-16,34.5,15.5,25.0,19.0,0.0
2017-05-17,30.5,15.0,22.75,15.5,0.0
2017-05-18,26.0,15.0,20.5,11.0,0.0
2017-05-19,29.5,12.0,20.75,17.5,0.0
2017-05-20,34.0,11.0,22.5,23.0,0.0
2017-05-21,29.5,15.0,22.25,14.5,0.0
2017-05-22,29.0,15.5,22.25,13.5,0.0
2017-05-23,33.5,14.5,24.0,19.0,0.0
2017-05-24,34.0,16.5,25.25,17.5,0.0
2017-05-25,29.0,13.5,21.25,15.5,0.0
2017-05-26,29.0,14.0,21.5,15.0,0.0
2017-05-27,27.0,17.0,22.0,10.0,0.0
2017-05-28,26.0,16.0,21.0,10.0,0.0
2017-05-29,25.5,17.0,21.25,8.5,0.0
2017-05-30,29.0,13.5,21.25,15.5,0.0
2017-05-31,32.0,15.0,23.5,17.0,0.0
2017-06-01,38.0,17.0,27.5,21.0,0.0
2017-06-02,34.0,18.0,26.0,16.0,0.0
2017-06-03,31.0,14.0,22.5,17.0,0.0
2017-06-04,28.0,12.0,20.0,16.0,0.0
2017-06-05,29.0,14.0,21.5,15.0,0.0
2017-06-06,29.5,18.0,23.75,11.5,0.0
2017-06-07,35.0,15.0,25.0,20.0,0.0
2017-06-08,34.0,15.5,24.75,18.5,0.0
2017-06-09,32.0,16.5,24.25,15.5,0.0
2017-06-10,33.5,18.0,25.75,15.5,0.0
2017-06-11,30.0,16.0,23.0,14.0,0.0
2017-06-12,36.0,16.0,26.0,20.0,0.0
2017-06-13,29.0,17.0,23.0,12.0,0.0
2017-06-14,34.0,16.0,25.0,18.0,0.0
2017-06-15,29.5,17.0,23.25,12.5,0.0
2017-06-16,42.0,18.0,30.0,24.0,0.0
2017-06-17,42.0,20.0,31.0,22.0,0.0
2017-06-18,42.0,19.0,30.5,23.0,0.0
2017-06-19,39.5,19.0,29.25,20.5,0.0
2017-06-20,39.5,19.5,29.5,20.0,0.0
2017-06-21,31.0,20.0,25.5,11.0,0.0
2017-06-22,29.0,16.0,22.5,13.0,0.0
2017-06-23,35.0,15.0,25.0,20.0,0.0
2017-06-24,37.0,19.0,28.0,18.0,0.0
2017-06-25,34.0,19.5,26.75,14.5,0.0
2017-06-26,30.5,16.0,23.25,14.5,0.0
2017-06-27,28.5,14.5,21.5,14.0,0.0
2017-06-28,35.0,15.0,25.0,20.0,0.0
2017-06-29,29.5,15.5,22.5,14.0,0.0
2017-06-30,29.5,12.0,20.75,17.5,0.0
2017-07-01,34.0,14.0,24.0,20.0,0.0
2017-07-02,34.0,13.0,23.5,21.0,0.0
2017-07-03,38.5,14.5,26.5,24.0,0.0
2017-07-04,33.5,14.0,23.75,19.5,0.0
2017-07-05,29.0,18.0,23.5,11.0,0.0
2017-07-06,26.0,16.0,21.0,10.0,0.0
2017-07-07,29.0,14.0,21.5,15.0,0.0
2017-07-08,26.0,16.0,21.0,10.0,0.0
2017-07-09,33.0,17.0,25.0,16.0,0.0
2017-07-10,35.0,14.0,24.5,21.0,0.0
2017-07-11,37.0,17.0,27.0,20.0,0.0
2017-07-12,40.5,15.0,27.75,25.5,0.0
2017-07-13,37.0,19.0,28.0,18.0,0.0
2017-07-14,31.0,11.0,21.0,20.0,0.0
2017-07-15,34.0,16.0,25.0,18.0,0.0
2017-07-16,37.5,17.0,27.25,20.5,0.0
2017-07-17,38.5,18.0,28.25,20.5,0.0
2017-07-18,34.0,19.0,26.5,15.0,0.0
2017-07-19,33.0,18.0,25.5,15.0,0.0
2017-07-20,29.0,13.0,21.0,16.0,0.0
2017-07-21,29.5,12.0,20.75,17.5,0.0
2017-07-22,30.5,12.5,21.5,18.0,0.0
2017-07-23,33.5,13.0,23.25,20.5,0.0
2017-07-24,36.5,13.5,25.0,23.0,0.0
2017-07-25,36.5,15.5,26.0,21.0,0.0
2017-07-26,30.5,15.5,23.0,15.0,0.0
2017-07-27,32.5,15.5,24.0,17.0,0.0
2017-07-28,35.0,16.0,25.5,19.0,0.0
2017-07-29,,13.5,,,0.0
2017-07-30,37.0,,,,0.0
2017-07-31,34.0,15.0,24.5,19.0,0.0
2017-08-01,33.5,16.0,24.75,17.5,0.0
2017-08-02,34.0,17.5,25.75,16.5,0.0
2017-08-03,38.0,16.0,27.0,22.0,0.0
2017-08-04,41.5,18.0,29.75,23.5,0.0
2017-08-05,37.5,19.0,28.25,18.5,0.0
2017-08-06,38.0,19.0,28.5,19.0,0.0
2017-08-07,38.0,19.0,28.5,19.0,0.0
2017-08-08,34.5,18.5,26.5,16.0,0.0
2017-08-09,30.5,13.5,22.0,17.0,0.0
2017-08-10,37.5,14.0,25.75,23.5,0.0
2017-08-11,37.5,15.5,26.5,22.0,0.0
2017-08-12,38.0,17.5,27.75,20.5,0.0
2017-08-13,37.5,16.0,26.75,21.5,0.0
2017-08-14,37.5,16.0,26.75,21.5,0.0
2017-08-15,34.0,17.5,25.75,16.5,0.0
2017-08-16,37.0,16.0,26.5,21.0,0.0
2017-08-17,34.0,16.0,25.0,18.0,0.0
2017-08-18,34.0,16.0,25.0,18.0,0.0
2017-08-19,37.0,16.5,26.75,20.5,0.0
2017-08-20,38.5,16.5,27.5,22.0,0.0
2017-08-21,38.5,18.0,28.25,20.5,0.0
2017-08-22,37.5,17.5,27.5,20.0,0.0
2017-08-23,37.5,18.0,27.75,19.5,0.0
2017-08-24,34.5,17.5,26.0,17.0,0.0
2017-08-25,37.0,17.5,27.25,19.5,0.0
2017-08-26,37.5,19.0,28.25,18.5,0.0
2017-08-27,37.5,22.0,29.75,15.5,0.0
2017-08-28,37.0,15.0,26.0,22.0,0.0
2017-08-29,37.5,16.5,27.0,21.0,1.0
2017-08-30,37.5,15.5,26.5,22.0,0.0
2017-08-31,34.5,14.5,24.5,20.0,0.0
2017-09-01,37.0,17.5,27.25,19.5,0.0
2017-09-02,37.0,19.0,28.0,18.0,0.0
2017-09-03,34.0,18.0,26.0,16.0,0.0
2017-09-04,34.0,13.5,23.75,20.5,0.0
2017-09-05,32.5,15.0,23.75,17.5,0.0
2017-09-06,34.0,18.0,26.0,16.0,0.0
2017-09-07,34.5,18.0,26.25,16.5,0.0
2017-09-08,33.5,15.5,24.5,18.0,0.0
2017-09-09,29.0,11.5,20.25,17.5,0.0
2017-09-10,29.0,11.0,20.0,18.0,0.0
2017-09-11,34.5,11.0,22.75,23.5,0.0
2017-09-12,38.0,13.5,25.75,24.5,0.0
2017-09-13,34.5,13.0,23.75,21.5,0.0
2017-09-14,30.0,12.5,21.25,17.5,0.0
2017-09-15,26.5,12.0,19.25,14.5,0.0
2017-09-16,25.5,8.5,17.0,17.0,0.0
2017-09-17,28.0,8.0,18.0,20.0,0.0
2017-09-18,29.0,8.0,18.5,21.0,0.0
2017-09-19,30.0,9.0,19.5,21.0,0.0
2017-09-20,30.0,11.0,20.5,19.0,0.0
2017-09-21,30.0,11.0,20.5,19.0,0.0
2017-09-22,30.0,11.0,20.5,19.0,0.0
2017-09-23,34.0,10.5,22.25,23.5,0.0
2017-09-24,33.0,13.0,23.0,20.0,0.0
2017-09-25,32.5,12.5,22.5,20.0,0.0
2017-09-26,32.5,10.5,21.5,22.0,0.0
2017-09-27,25.5,12.5,19.0,13.0,0.0
2017-09-28,34.0,16.5,25.25,17.5,0.0
2017-09-29,30.5,14.0,22.25,16.5,0.0
2017-09-30,29.5,15.0,22.25,14.5,0.0
2017-10-01,33.5,14.5,24.0,19.0,0.0
2017-10-02,34.0,13.5,23.75,20.5,0.0
2017-10-03,34.0,16.0,25.0,18.0,0.0
2017-10-04,35.5,15.0,25.25,20.5,0.0
2017-10-05,34.0,14.5,24.25,19.5,0.0
2017-10-06,34.0,10.5,22.25,23.5,0.0
2017-10-07,31.5,9.5,20.5,22.0,0.0
2017-10-08,33.0,12.0,22.5,21.0,0.0
2017-10-09,30.0,12.5,21.25,17.5,0.0
2017-10-10,34.0,12.5,23.25,21.5,0.0
2017-10-11,34.5,12.0,23.25,22.5,0.0
2017-10-12,34.5,13.5,24.0,21.0,0.0
2017-10-13,36.5,13.0,24.75,23.5,0.0
2017-10-14,36.0,15.5,25.75,20.5,0.0
2017-10-15,37.0,13.0,25.0,24.0,0.0
2017-10-16,31.0,13.0,22.0,18.0,0.0
2017-10-17,28.5,14.0,21.25,14.5,0.0
2017-10-18,22.0,17.0,19.5,5.0,5.0
2017-10-19,24.0,15.5,19.75,8.5,16.2
2017-10-20,21.0,16.0,18.5,5.0,0.3
2017-10-21,29.0,15.0,22.0,14.0,0.0
2017-10-22,29.0,14.0,21.5,15.0,0.0
2017-10-23,29.0,12.5,20.75,16.5,0.0
2017-10-24,30.0,13.0,21.5,17.0,0.0
2017-10-25,29.5,11.0,20.25,18.5,0.0
2017-10-26,30.5,10.5,20.5,20.0,0.0
2017-10-27,30.5,8.5,19.5,22.0,0.0
2017-10-28,31.0,10.0,20.5,21.0,0.0
2017-10-29,29.0,9.0,19.0,20.0,0.0
2017-10-30,26.0,8.0,17.0,18.0,0.0
2017-10-31,29.0,11.0,20.0,18.0,0.0
2017-11-01,29.0,,14.5,29.0,
2017-11-02,22.0,11.0,16.5,11.0,0.0
2017-11-03,22.0,16.0,19.0,6.0,6.0
2017-11-04,22.0,15.0,18.5,7.0,24.6
2017-11-05,22.5,11.0,16.75,11.5,0.0
2017-11-06,20.0,10.0,15.0,10.0,0.0
2017-11-07,21.5,6.0,13.75,15.5,0.0
2017-11-08,22.0,6.0,14.0,16.0,0.0
2017-11-09,18.0,8.0,13.0,10.0,0.0
2017-11-10,20.5,3.0,11.75,17.5,0.0
2017-11-11,18.0,9.0,13.5,9.0,0.0
2017-11-12,24.0,7.0,15.5,17.0,0.0
2017-11-13,21.5,5.0,13.25,16.5,0.0
2017-11-14,18.0,3.0,10.5,15.0,0.0
2017-11-15,21.5,3.0,12.25,18.5,0.0
2017-11-16,21.0,3.0,12.0,18.0,0.0
2017-11-17,25.0,3.0,14.0,22.0,0.0
2017-11-18,,,0.0,0.0,0.0
2017-11-19,22.0,,11.0,22.0,
2017-11-20,22.0,4.0,13.0,18.0,0.0
2017-11-21,25.0,3.0,14.0,22.0,0.0
2017-11-22,24.0,2.0,13.0,22.0,0.0
2017-11-23,24.0,4.0,14.0,20.0,0.0
2017-11-24,26.0,5.0,15.5,21.0,0.0
2017-11-25,23.0,4.0,13.5,19.0,0.0
2017-11-26,22.0,12.0,17.0,10.0,0.0
2017-11-27,21.0,9.0,15.0,12.0,0.0
2017-11-28,20.0,11.0,15.5,9.0,0.5
2017-11-29,20.5,12.0,16.25,8.5,107.0
2017-11-30,17.5,4.5,11.0,13.0,0.0
2017-12-01,11.0,0.0,5.5,11.0,0.0
2017-12-02,13.0,0.0,6.5,13.0,0.0
2017-12-03,14.0,1.0,7.5,13.0,0.0
2017-12-04,13.0,0.0,6.5,13.0,0.0
2017-12-05,11.0,-0.5,5.25,11.5,0.0
2017-12-06,10.0,0.0,5.0,10.0,0.0
2017-12-07,11.0,-1.0,5.0,12.0,0.0
2017-12-08,12.0,-1.0,5.5,13.0,0.0
2017-12-09,18.0,-3.0,7.5,21.0,0.0
2017-12-10,17.0,5.5,11.25,11.5,0.0
2017-12-11,16.0,9.0,12.5,7.0,30.0
2017-12-12,14.0,3.0,8.5,11.0,0.0
2017-12-13,15.0,-1.0,7.0,16.0,0.0
2017-12-14,14.0,0.0,7.0,14.0,0.0
2017-12-15,17.5,3.0,10.25,14.5,0.0
2017-12-16,15.0,9.0,12.0,6.0,0.0
2017-12-17,14.0,-2.0,6.0,16.0,0.0
2017-12-18,15.0,2.0,8.5,13.0,0.0
2017-12-19,17.0,1.0,9.0,16.0,0.0
2017-12-20,16.0,2.0,9.0,14.0,0.0
2017-12-21,17.0,1.0,9.0,16.0,0.0
2017-12-22,16.0,0.0,8.0,16.0,0.0
2017-12-23,17.0,0.0,8.5,17.0,0.0
2017-12-24,17.0,0.5,8.75,16.5,0.0
2017-12-25,12.0,4.0,8.0,8.0,1.5
2017-12-26,16.0,9.0,12.5,7.0,4.6
2017-12-27,16.5,2.0,9.25,14.5,2.8
2017-12-28,16.0,12.5,14.25,3.5,0.0
2017-12-29,20.0,13.2,16.6,6.800000000000001,0.0
2017-12-30,20.0,10.0,15.0,10.0,0.0
2017-12-31,18.0,6.0,12.0,12.0,0.0
2018-01-01,20.0,1.0,10.5,19.0,0.0
2018-01-02,12.0,1.0,6.5,11.0,0.0
2018-01-03,18.0,2.0,10.0,16.0,0.0
2018-01-04,16.0,8.0,12.0,8.0,0.0
2018-01-05,17.5,9.0,13.25,8.5,0.0
2018-01-06,14.0,12.0,13.0,2.0,18.5
2018-01-07,13.0,10.0,11.5,3.0,0.0
2018-01-08,12.0,9.0,10.5,3.0,0.0
2018-01-09,15.0,-1.0,7.0,16.0,0.0
2018-01-10,16.0,2.0,9.0,14.0,15.0
2018-01-11,17.0,3.0,10.0,14.0,0.0
2018-01-12,17.5,2.0,9.75,15.5,0.0
2018-01-13,16.0,3.0,9.5,13.0,0.0
2018-01-14,14.5,3.0,8.75,11.5,5.0
2018-01-15,13.5,0.5,7.0,13.0,0.0
2018-01-16,17.0,1.0,9.0,16.0,0.0
2018-01-17,16.5,3.0,9.75,13.5,0.0
2018-01-18,17.5,5.5,11.5,12.0,0.0
2018-01-19,18.0,4.0,11.0,14.0,0.0
2018-01-20,17.5,5.0,11.25,12.5,0.0
2018-01-21,13.0,2.0,7.5,11.0,0.0
2018-01-22,19.0,2.0,10.5,17.0,0.0
2018-01-23,18.0,4.0,11.0,14.0,0.0
2018-01-24,17.5,3.0,10.25,14.5,0.0
2018-01-25,14.0,4.5,9.25,9.5,0.0
2018-01-26,13.5,2.0,7.75,11.5,1.5
2018-01-27,15.0,2.0,8.5,13.0,0.0
2018-01-28,12.0,0.0,6.0,12.0,0.0
2018-01-29,17.0,7.0,12.0,10.0,0.0
2018-01-30,17.5,12.0,14.75,5.5,0.0
2018-01-31,17.0,9.0,13.0,8.0,0.0
2018-02-01,14.0,2.0,8.0,12.0,0.0
2018-02-02,16.0,3.0,9.5,13.0,0.0
2018-02-03,13.5,-3.0,5.25,16.5,0.0
2018-02-04,12.0,3.0,7.5,9.0,0.0
2018-02-05,14.0,-4.0,5.0,18.0,0.0
2018-02-06,14.0,-1.0,6.5,15.0,0.0
2018-02-07,12.5,-5.0,3.75,17.5,0.0
2018-02-08,13.0,-1.0,6.0,14.0,0.0
2018-02-09,13.0,-3.0,5.0,16.0,0.0
2018-02-10,11.0,3.0,7.0,8.0,0.0
2018-02-11,17.0,1.0,9.0,16.0,0.0
2018-02-12,18.0,1.0,9.5,17.0,0.0
2018-02-13,16.0,0.0,8.0,16.0,0.0
2018-02-14,17.0,0.0,8.5,17.0,0.0
2018-02-15,21.0,1.5,11.25,19.5,0.0
2018-02-16,22.0,9.0,15.5,13.0,0.0
2018-02-17,22.0,2.5,12.25,19.5,0.0
2018-02-18,19.0,3.0,11.0,16.0,0.0
2018-02-19,18.0,3.0,10.5,15.0,0.0
2018-02-20,21.5,2.0,11.75,19.5,0.0
2018-02-21,21.0,7.0,14.0,14.0,0.0
2018-02-22,18.0,3.0,10.5,15.0,0.0
2018-02-23,18.0,-1.0,8.5,19.0,0.0
2018-02-24,18.0,-1.0,8.5,19.0,0.0
2018-02-25,17.0,7.0,12.0,10.0,0.0
2018-02-26,18.0,4.0,11.0,14.0,0.0
2018-02-27,18.0,6.0,12.0,12.0,3.5
2018-02-28,16.0,13.0,14.5,3.0,9.0
2018-03-01,18.5,14.0,16.25,4.5,17.0
2018-03-02,17.0,13.0,15.0,4.0,9.0
2018-03-03,17.0,14.0,15.5,3.0,8.0
2018-03-04,17.0,12.5,14.75,4.5,35.5
2018-03-05,18.0,13.0,15.5,5.0,12.5
2018-03-06,16.0,11.0,13.5,5.0,0.0
2018-03-07,16.0,6.0,11.0,10.0,0.0
2018-03-08,18.0,6.0,12.0,12.0,18.0
2018-03-09,17.0,14.5,15.75,2.5,0.0
2018-03-10,17.0,15.0,16.0,2.0,7.0
2018-03-11,17.0,12.0,14.5,5.0,21.0
2018-03-12,18.0,10.0,14.0,8.0,0.0
2018-03-13,20.0,11.0,15.5,9.0,5.5
2018-03-14,19.0,19.0,19.0,0.0,2.0
2018-03-15,19.0,11.0,15.0,8.0,13.5
2018-03-16,17.5,7.0,12.25,10.5,0.0
2018-03-17,16.0,8.0,12.0,8.0,1.0
2018-03-18,16.5,9.0,12.75,7.5,17.7
2018-03-19,17.5,8.0,12.75,9.5,0.0
2018-03-20,15.0,4.0,9.5,11.0,0.0
2018-03-21,17.0,3.0,10.0,14.0,0.0
2018-03-22,17.0,2.0,9.5,15.0,0.0
2018-03-23,13.0,3.0,8.0,10.0,0.0
2018-03-24,18.0,8.0,13.0,10.0,4.5
2018-03-25,19.5,10.0,14.75,9.5,8.0
2018-03-26,24.0,5.0,14.5,19.0,0.0
2018-03-27,18.5,7.5,13.0,11.0,0.0
2018-03-28,18.0,9.0,13.5,9.0,0.0
2018-03-29,18.0,8.0,13.0,10.0,3.0
2018-03-30,18.0,7.0,12.5,11.0,2.2
2018-03-31,22.0,7.0,14.5,15.0,0.0
2018-04-01,21.0,12.0,16.5,9.0,0.0
2018-04-02,21.0,11.5,16.25,9.5,0.0
2018-04-03,20.0,9.0,14.5,11.0,0.0
2018-04-04,21.0,12.0,16.5,9.0,0.0
2018-04-05,25.0,11.0,18.0,14.0,0.0
2018-04-06,21.5,8.0,14.75,13.5,0.0
2018-04-07,16.5,7.0,11.75,9.5,11.0
2018-04-08,16.0,6.0,11.0,10.0,1.4
2018-04-09,18.0,5.0,11.5,13.0,7.0
2018-04-10,13.5,6.0,9.75,7.5,0.0
2018-04-11,18.0,9.0,13.5,9.0,27.3
2018-04-12,17.0,9.0,13.0,8.0,0.0
2018-04-13,,9.0,,,30.0
2018-04-14,20.0,,,,0.0
2018-04-15,19.0,7.0,13.0,12.0,0.0
2018-04-16,21.0,7.0,14.0,14.0,2.0
2018-04-17,25.0,6.0,15.5,19.0,0.0
2018-04-18,30.0,8.0,19.0,22.0,0.0
2018-04-19,26.0,11.0,18.5,15.0,0.0
2018-04-20,25.0,14.0,19.5,11.0,0.0
2018-04-21,22.0,15.0,18.5,7.0,3.5
2018-04-22,23.0,14.0,18.5,9.0,10.0
2018-04-23,26.0,15.0,20.5,11.0,3.5
2018-04-24,25.0,15.5,20.25,9.5,0.0
2018-04-25,24.0,14.0,19.0,10.0,2.5
2018-04-26,18.0,15.0,16.5,3.0,7.0
2018-04-27,24.0,10.0,17.0,14.0,3.2
2018-04-28,18.0,10.0,14.0,8.0,0.0
2018-04-29,18.0,10.0,14.0,8.0,3.2
2018-04-30,16.5,11.0,13.75,5.5,0.0
2018-05-01,20.0,6.5,13.25,13.5,0.0
2018-05-02,18.0,16.0,17.0,2.0,0.0
2018-05-03,21.0,11.0,16.0,10.0,0.0
2018-05-04,22.0,7.0,14.5,15.0,0.0
2018-05-05,26.0,11.5,18.75,14.5,0.0
2018-05-06,29.0,12.0,20.5,17.0,0.0
2018-05-07,21.0,13.0,17.0,8.0,0.0
2018-05-08,26.0,18.0,22.0,8.0,0.0
2018-05-09,22.0,14.0,18.0,8.0,0.0
2018-05-10,21.0,12.0,16.5,9.0,0.0
2018-05-11,22.0,7.0,14.5,15.0,0.0
2018-05-12,22.0,11.5,16.75,10.5,0.0
2018-05-13,22.0,8.0,15.0,14.0,0.0
2018-05-14,27.0,9.0,18.0,18.0,0.0
2018-05-15,31.0,11.0,21.0,20.0,0.0
2018-05-16,30.0,11.0,20.5,19.0,0.0
2018-05-17,28.0,12.0,20.0,16.0,0.0
2018-05-18,27.0,13.0,20.0,14.0,0.0
2018-05-19,26.0,12.0,19.0,14.0,0.6
2018-05-20,26.0,12.0,19.0,14.0,0.0
2018-05-21,24.0,12.0,18.0,12.0,0.0
2018-05-22,25.0,15.0,20.0,10.0,0.0
2018-05-23,25.0,12.0,18.5,13.0,0.0
2018-05-24,21.0,13.0,17.0,8.0,2.5
2018-05-25,21.5,18.0,19.75,3.5,1.0
2018-05-26,25.0,15.0,20.0,10.0,3.5
2018-05-27,24.0,12.5,18.25,11.5,0.7
2018-05-28,23.0,13.0,18.0,10.0,0.0
2018-05-29,22.0,12.0,17.0,10.0,0.0
2018-05-30,22.0,12.0,17.0,10.0,0.0
2018-05-31,25.5,12.0,18.75,13.5,0.0
2018-06-01,27.5,14.0,20.75,13.5,0.0
2018-06-02,25.0,18.0,21.5,7.0,0.0
2018-06-03,24.0,11.0,17.5,13.0,0.0
2018-06-04,22.0,10.0,16.0,12.0,0.0
2018-06-05,22.0,11.0,16.5,11.0,0.0
2018-06-06,24.0,12.0,18.0,12.0,0.0
2018-06-07,22.0,11.0,16.5,11.0,0.0
2018-06-08,21.5,12.0,16.75,9.5,0.0
2018-06-09,19.0,12.0,15.5,7.0,4.0
2018-06-10,22.0,12.0,17.0,10.0,0.0
2018-06-11,22.0,12.0,17.0,10.0,0.0
2018-06-12,25.0,11.0,18.0,14.0,0.0
2018-06-13,22.0,12.5,17.25,9.5,0.0
2018-06-14,29.0,12.0,20.5,17.0,0.0
2018-06-15,30.0,13.0,21.5,17.0,0.0
2018-06-16,30.5,15.5,23.0,15.0,0.0
2018-06-17,37.0,15.5,26.25,21.5,0.0
2018-06-18,37.0,19.0,28.0,18.0,0.0
2018-06-19,33.5,17.0,25.25,16.5,0.0
2018-06-20,30.5,14.5,22.5,16.0,0.0
2018-06-21,30.5,17.0,23.75,13.5,0.0
2018-06-22,31.0,17.5,24.25,13.5,0.6
2018-06-23,34.0,14.5,24.25,19.5,0.0
2018-06-24,28.5,16.0,22.25,12.5,0.0
2018-06-25,28.0,18.0,23.0,10.0,0.0
2018-06-26,30.5,16.5,23.5,14.0,0.0
2018-06-27,31.0,15.0,23.0,16.0,0.0
2018-06-28,26.0,15.0,20.5,11.0,0.0
2018-06-29,26.0,16.0,21.0,10.0,0.0
2018-06-30,26.0,16.0,21.0,10.0,0.0
2018-07-01,26.0,15.0,20.5,11.0,0.0
2018-07-02,28.0,16.0,22.0,12.0,0.0
2018-07-03,31.0,16.0,23.5,15.0,0.0
2018-07-04,27.0,15.0,21.0,12.0,0.0
2018-07-05,29.0,15.0,22.0,14.0,0.0
2018-07-06,32.5,15.0,23.75,17.5,0.0
2018-07-07,33.0,16.5,24.75,16.5,0.0
2018-07-08,33.0,17.0,25.0,16.0,0.0
2018-07-09,33.5,18.0,25.75,15.5,0.0
2018-07-10,33.5,16.5,25.0,17.0,0.0
2018-07-11,26.0,15.5,20.75,10.5,0.0
2018-07-12,28.0,11.0,19.5,17.0,0.0
2018-07-13,26.0,17.0,21.5,9.0,0.0
2018-07-14,25.0,15.0,20.0,10.0,0.0
2018-07-15,26.0,16.0,21.0,10.0,0.0
2018-07-16,30.0,15.5,22.75,14.5,0.0
2018-07-17,34.0,15.0,24.5,19.0,0.0
2018-07-18,34.0,14.0,24.0,20.0,0.0
2018-07-19,31.5,11.5,21.5,20.0,0.0
2018-07-20,31.0,13.0,22.0,18.0,0.0
2018-07-21,30.0,13.0,21.5,17.0,0.0
2018-07-22,31.0,13.0,22.0,18.0,0.0
2018-07-23,30.0,13.5,21.75,16.5,0.0
2018-07-24,30.0,15.0,22.5,15.0,0.0
2018-07-25,30.5,12.0,21.25,18.5,0.0
2018-07-26,30.0,13.0,21.5,17.0,0.0
2018-07-27,31.0,13.5,22.25,17.5,0.0
2018-07-28,29.0,13.0,21.0,16.0,0.0
2018-07-29,30.0,16.0,23.0,14.0,0.0
2018-07-30,30.0,12.0,21.0,18.0,0.0
2018-07-31,34.5,13.0,23.75,21.5,0.0
2018-08-01,41.0,16.5,28.75,24.5,0.0
2018-08-02,43.5,20.0,31.75,23.5,0.0
2018-08-03,42.0,19.0,30.5,23.0,0.0
2018-08-04,34.0,22.0,28.0,12.0,0.0
2018-08-05,42.0,17.0,29.5,25.0,0.0
2018-08-06,41.5,22.0,31.75,19.5,0.0
2018-08-07,34.0,18.0,26.0,16.0,0.0
2018-08-08,40.0,17.0,28.5,23.0,0.0
2018-08-09,32.5,19.0,25.75,13.5,0.0
2018-08-10,34.0,15.0,24.5,19.0,0.0
2018-08-11,37.5,15.0,26.25,22.5,0.0
2018-08-12,35.0,16.0,25.5,19.0,0.0
2018-08-13,33.0,21.0,27.0,12.0,0.0
2018-08-14,30.0,20.0,25.0,10.0,0.0
2018-08-15,30.0,12.0,21.0,18.0,0.0
2018-08-16,30.0,11.0,20.5,19.0,0.0
2018-08-17,30.0,15.0,22.5,15.0,0.0
2018-08-18,38.0,17.0,27.5,21.0,0.0
2018-08-19,38.0,23.0,30.5,15.0,0.0
2018-08-20,38.0,17.5,27.75,20.5,0.0
2018-08-21,40.0,19.0,29.5,21.0,0.0
2018-08-22,39.0,21.0,30.0,18.0,0.0
2018-08-23,38.0,22.0,30.0,16.0,0.0
2018-08-24,36.5,20.0,28.25,16.5,0.0
2018-08-25,36.0,16.5,26.25,19.5,0.0
2018-08-26,34.0,14.5,24.25,19.5,0.0
2018-08-27,36.0,16.0,26.0,20.0,0.0
2018-08-28,30.5,20.0,25.25,10.5,0.0
2018-08-29,30.0,13.0,21.5,17.0,0.0
2018-08-30,32.5,20.0,26.25,12.5,0.0
2018-08-31,33.0,19.0,26.0,14.0,0.0
2018-09-01,38.0,19.0,28.5,19.0,0.0
2018-09-02,36.0,20.0,28.0,16.0,0.0
2018-09-03,28.0,19.0,23.5,9.0,0.0
2018-09-04,27.0,17.0,22.0,10.0,0.0
2018-09-05,29.0,18.0,23.5,11.0,0.0
2018-09-06,29.5,15.0,22.25,14.5,0.0
2018-09-07,28.0,15.0,21.5,13.0,0.0
2018-09-08,28.5,16.0,22.25,12.5,0.0
2018-09-09,30.0,17.5,23.75,12.5,0.0
2018-09-10,34.0,16.0,25.0,18.0,0.0
2018-09-11,34.0,17.5,25.75,16.5,0.0
2018-09-12,34.0,18.5,26.25,15.5,0.0
2018-09-13,29.0,19.5,24.25,9.5,0.0
2018-09-14,29.0,19.0,24.0,10.0,0.0
2018-09-15,30.0,18.0,24.0,12.0,4.4
2018-09-16,29.0,18.0,23.5,11.0,1.6
2018-09-17,34.5,18.0,26.25,16.5,0.0
2018-09-18,31.0,19.0,25.0,12.0,0.0
2018-09-19,33.0,18.0,25.5,15.0,0.0
2018-09-20,34.5,22.0,28.25,12.5,0.0
2018-09-21,39.0,16.0,27.5,23.0,0.0
2018-09-22,38.0,21.0,29.5,17.0,0.0
2018-09-23,40.0,23.0,31.5,17.0,0.0
2018-09-24,41.0,16.0,28.5,25.0,0.0
2018-09-25,38.0,16.0,27.0,22.0,0.0
2018-09-26,,16.0,,,0.0
2018-09-27,36.5,,,,
2018-09-28,33.0,15.5,24.25,17.5,0.0
2018-09-29,30.0,15.0,22.5,15.0,0.0
2018-09-30,37.0,16.0,26.5,21.0,0.0
2018-10-01,30.0,15.0,22.5,15.0,0.0
2018-10-02,35.0,16.0,25.5,19.0,0.0
2018-10-03,33.0,14.0,23.5,19.0,0.0
2018-10-04,33.5,11.0,22.25,22.5,0.0
2018-10-05,29.0,12.0,20.5,17.0,0.0
2018-10-06,33.5,13.0,23.25,20.5,0.0
2018-10-07,30.0,15.5,22.75,14.5,0.0
2018-10-08,28.0,11.0,19.5,17.0,0.0
2018-10-09,30.0,13.0,21.5,17.0,0.0
2018-10-10,27.5,17.0,22.25,10.5,2.3
2018-10-11,26.0,19.0,22.5,7.0,8.5
2018-10-12,28.5,19.0,23.75,9.5,0.5
2018-10-13,32.5,15.5,24.0,17.0,0.0
2018-10-14,29.0,14.0,21.5,15.0,5.6
2018-10-15,21.5,16.0,18.75,5.5,0.0
2018-10-16,21.0,8.5,14.75,12.5,11.5
2018-10-17,26.0,11.0,18.5,15.0,0.0
2018-10-18,18.0,12.0,15.0,6.0,8.0
2018-10-19,22.0,11.0,16.5,11.0,0.0
2018-10-20,23.0,11.5,17.25,11.5,1.0
2018-10-21,26.0,13.0,19.5,13.0,11.5
2018-10-22,28.5,13.0,20.75,15.5,0.0
2018-10-23,24.0,15.0,19.5,9.0,0.0
2018-10-24,28.0,14.0,21.0,14.0,0.0
2018-10-25,27.0,11.0,19.0,16.0,0.0
2018-10-26,17.5,10.0,13.75,7.5,0.9
2018-10-27,20.0,14.0,17.0,6.0,15.3
2018-10-28,17.0,7.0,12.0,10.0,0.0
2018-10-29,17.0,6.0,11.5,11.0,0.0
2018-10-30,16.5,7.0,11.75,9.5,9.9
2018-10-31,12.0,8.0,10.0,4.0,15.4
2018-11-01,18.0,7.0,12.5,11.0,22.0
2018-11-02,22.0,7.5,14.75,14.5,0.0
2018-11-03,19.0,8.0,13.5,11.0,0.0
2018-11-04,17.5,7.0,12.25,10.5,0.0
2018-11-05,17.5,9.5,13.5,8.0,11.4
2018-11-06,20.0,6.0,13.0,14.0,0.0
2018-11-07,17.0,16.0,16.5,1.0,0.0
2018-11-08,19.0,12.0,15.5,7.0,4.5
2018-11-09,17.5,6.0,11.75,11.5,25.0
2018-11-10,20.5,6.5,13.5,14.0,0.0
2018-11-11,25.0,12.0,18.5,13.0,0.0
2018-11-12,16.0,12.0,14.0,4.0,36.0
2018-11-13,18.0,11.0,14.5,7.0,30.0
2018-11-14,23.0,11.0,17.0,12.0,0.0
2018-11-15,23.5,10.0,16.75,13.5,0.0
2018-11-16,22.0,10.5,16.25,11.5,0.0
2018-11-17,20.0,10.5,15.25,9.5,0.0
2018-11-18,17.0,11.0,14.0,6.0,6.0
2018-11-19,19.0,11.0,15.0,8.0,21.5
2018-11-20,18.0,12.0,15.0,6.0,15.0
2018-11-21,18.0,11.0,14.5,7.0,5.0
2018-11-22,14.0,11.0,12.5,3.0,2.5
2018-11-23,19.0,10.0,14.5,9.0,13.0
2018-11-24,18.0,7.0,12.5,11.0,0.0
2018-11-25,18.0,11.0,14.5,7.0,4.9
2018-11-26,18.0,8.0,13.0,10.0,10.0
2018-11-27,17.0,8.0,12.5,9.0,0.0
2018-11-28,18.0,6.0,12.0,12.0,0.0
2018-11-29,19.0,6.0,12.5,13.0,0.0
2018-11-30,,5.0,,,3.0
2018-12-01,18.5,5.0,11.75,13.5,0.0
2018-12-02,18.0,12.0,15.0,6.0,0.0
2018-12-03,21.0,6.5,13.75,14.5,0.0
2018-12-04,20.0,7.0,13.5,13.0,0.0
2018-12-05,22.0,6.0,14.0,16.0,0.0
2018-12-06,22.0,7.0,14.5,15.0,0.0
2018-12-07,22.0,7.0,14.5,15.0,0.0
2018-12-08,17.5,7.0,12.25,10.5,0.0
2018-12-09,18.0,7.0,12.5,11.0,0.0
2018-12-10,23.0,7.0,15.0,16.0,0.0
2018-12-11,17.0,12.0,14.5,5.0,0.0
2018-12-12,19.0,11.0,15.0,8.0,0.0
2018-12-13,16.0,11.0,13.5,5.0,7.5
2018-12-14,17.5,5.0,11.25,12.5,0.0
2018-12-15,16.5,5.5,11.0,11.0,0.0
2018-12-16,17.5,6.0,11.75,11.5,0.0
2018-12-17,13.0,8.0,10.5,5.0,2.4
2018-12-18,18.0,6.0,12.0,12.0,0.0
2018-12-19,17.0,10.0,13.5,7.0,3.0
2018-12-20,17.5,7.0,12.25,10.5,0.0
2018-12-21,17.0,8.0,12.5,9.0,0.0
2018-12-22,17.0,6.5,11.75,10.5,0.0
2018-12-23,18.5,5.0,11.75,13.5,0.0
2018-12-24,18.0,4.5,11.25,13.5,0.0
2018-12-25,18.0,5.0,11.5,13.0,0.0
2018-12-26,16.5,4.5,10.5,12.0,0.0
2018-12-27,17.0,4.0,10.5,13.0,0.0
2018-12-28,16.0,4.0,10.0,12.0,0.0
2018-12-29,15.5,4.0,9.75,11.5,0.0
2018-12-30,18.0,9.0,13.5,9.0,0.0
2018-12-31,17.0,4.0,10.5,13.0,0.0
2019-01-01,17.0,7.0,12.0,10.0,0.0
2019-01-02,17.0,0.0,8.5,17.0,0.0
2019-01-03,16.0,0.0,8.0,16.0,0.0
2019-01-04,15.0,5.0,10.0,10.0,0.0
2019-01-05,15.5,9.0,12.25,6.5,0.0
2019-01-06,17.0,1.5,9.25,15.5,0.0
2019-01-07,16.0,0.0,8.0,16.0,0.0
2019-01-08,13.5,0.0,6.75,13.5,0.0
2019-01-09,16.5,-0.5,8.0,17.0,0.0
2019-01-10,16.0,1.0,8.5,15.0,0.0
2019-01-11,13.0,2.0,7.5,11.0,0.0
2019-01-12,12.5,0.0,6.25,12.5,0.0
2019-01-13,11.0,0.0,5.5,11.0,0.0
2019-01-14,17.5,1.5,9.5,16.0,0.0
2019-01-15,18.0,1.0,9.5,17.0,0.0
2019-01-16,16.0,2.0,9.0,14.0,0.0
2019-01-17,11.0,5.0,8.0,6.0,0.0
2019-01-18,16.0,4.0,10.0,12.0,0.0
2019-01-19,14.0,4.0,9.0,10.0,6.6
2019-01-20,17.0,8.0,12.5,9.0,7.6
2019-01-21,16.5,2.0,9.25,14.5,0.0
2019-01-22,13.5,0.0,6.75,13.5,0.0
2019-01-23,17.0,4.0,10.5,13.0,0.0
2019-01-24,20.5,11.0,15.75,9.5,0.0
2019-01-25,20.0,8.0,14.0,12.0,0.0
2019-01-26,18.0,5.0,11.5,13.0,0.0
2019-01-27,16.0,12.0,14.0,4.0,0.0
2019-01-28,17.5,5.0,11.25,12.5,0.0
2019-01-29,18.0,6.5,12.25,11.5,0.0
2019-01-30,15.0,7.0,11.0,8.0,0.0
2019-01-31,18.0,12.5,15.25,5.5,1.8
2019-02-01,16.0,12.0,14.0,4.0,17.0
2019-02-02,14.5,6.0,10.25,8.5,0.0
2019-02-03,13.0,-2.0,5.5,15.0,0.0
2019-02-04,17.0,-2.0,7.5,19.0,0.0
2019-02-05,16.0,3.5,9.75,12.5,0.0
2019-02-06,20.0,3.0,11.5,17.0,0.0
2019-02-07,17.5,2.0,9.75,15.5,0.0
2019-02-08,17.0,3.5,10.25,13.5,0.0
2019-02-09,18.0,3.0,10.5,15.0,0.0
2019-02-10,22.0,4.0,13.0,18.0,0.5
2019-02-11,21.0,11.0,16.0,10.0,0.0
2019-02-12,20.0,11.0,15.5,9.0,0.0
2019-02-13,22.0,5.0,13.5,17.0,0.0
2019-02-14,20.0,6.0,13.0,14.0,0.0
2019-02-15,22.0,7.0,14.5,15.0,0.0
2019-02-16,18.0,8.0,13.0,10.0,0.0
2019-02-17,21.5,4.5,13.0,17.0,0.0
2019-02-18,22.0,6.0,14.0,16.0,0.0
2019-02-19,22.0,7.0,14.5,15.0,0.0
2019-02-20,20.0,11.0,15.5,9.0,0.0
2019-02-21,22.0,11.0,16.5,11.0,0.0
2019-02-22,21.5,10.0,15.75,11.5,0.0
2019-02-23,22.0,7.5,14.75,14.5,0.0
2019-02-24,23.0,6.0,14.5,17.0,0.0
2019-02-25,22.0,11.0,16.5,11.0,0.0
2019-02-26,21.0,3.0,12.0,18.0,0.0
2019-02-27,23.0,3.0,13.0,20.0,0.0
2019-02-28,22.0,4.0,13.0,18.0,0.0
2019-03-01,20.5,3.0,11.75,17.5,0.0
2019-03-02,21.0,4.0,12.5,17.0,0.0
2019-03-03,25.5,6.5,16.0,19.0,0.0
2019-03-04,21.0,6.5,13.75,14.5,0.0
2019-03-05,20.0,11.0,15.5,9.0,0.0
2019-03-06,20.0,12.0,16.0,8.0,5.0
2019-03-07,17.0,14.0,15.5,3.0,8.5
2019-03-08,17.0,12.0,14.5,5.0,4.5
2019-03-09,24.0,12.0,18.0,12.0,0.0
2019-03-10,26.0,14.0,20.0,12.0,0.0
2019-03-11,27.0,12.0,19.5,15.0,0.0
2019-03-12,25.0,9.0,17.0,16.0,0.0
2019-03-13,21.0,12.0,16.5,9.0,0.0
2019-03-14,24.0,7.0,15.5,17.0,0.0
2019-03-15,27.0,8.0,17.5,19.0,0.0
2019-03-16,28.0,7.0,17.5,21.0,0.0
2019-03-17,27.0,6.0,16.5,21.0,0.0
2019-03-18,26.0,7.0,16.5,19.0,0.0
2019-03-19,22.0,8.0,15.0,14.0,0.0
2019-03-20,21.0,7.0,14.0,14.0,0.0
2019-03-21,22.0,6.0,14.0,16.0,0.0
2019-03-22,23.0,5.0,14.0,18.0,0.0
2019-03-23,22.0,6.0,14.0,16.0,0.0
2019-03-24,25.5,6.5,16.0,19.0,0.0
2019-03-25,26.0,8.0,17.0,18.0,0.0
2019-03-26,26.0,11.0,18.5,15.0,0.0
2019-03-27,27.0,9.0,18.0,18.0,0.0
2019-03-28,25.0,12.0,18.5,13.0,0.0
2019-03-29,25.5,7.0,16.25,18.5,0.0
2019-03-30,26.0,7.0,16.5,19.0,0.0
2019-03-31,25.0,11.0,18.0,14.0,0.0
2019-04-01,22.0,11.0,16.5,11.0,1.0
2019-04-02,22.0,8.0,15.0,14.0,0.0
2019-04-03,23.0,9.0,16.0,14.0,0.0
2019-04-04,19.5,5.0,12.25,14.5,0.0
2019-04-05,17.0,6.5,11.75,10.5,13.3
2019-04-06,16.0,5.5,10.75,10.5,3.9
2019-04-07,18.0,4.0,11.0,14.0,1.8
2019-04-08,19.0,11.0,15.0,8.0,4.5
2019-04-09,20.0,7.0,13.5,13.0,2.0
2019-04-10,21.0,7.0,14.0,14.0,0.0
2019-04-11,22.0,7.0,14.5,15.0,0.0
2019-04-12,22.0,6.0,14.0,16.0,0.0
2019-04-13,21.0,6.5,13.75,14.5,0.0
2019-04-14,28.0,6.0,17.0,22.0,0.0
2019-04-15,25.0,7.0,16.0,18.0,0.0
2019-04-16,26.0,6.0,16.0,20.0,0.0
2019-04-17,19.0,7.0,13.0,12.0,0.0
2019-04-18,20.0,9.0,14.5,11.0,6.0
2019-04-19,22.0,11.0,16.5,11.0,0.0
2019-04-20,20.5,8.0,14.25,12.5,4.6
2019-04-21,19.0,12.0,15.5,7.0,0.0
2019-04-22,22.0,11.0,16.5,11.0,0.0
2019-04-23,17.0,11.0,14.0,6.0,5.5
2019-04-24,19.0,11.0,15.0,8.0,0.0
2019-04-25,20.0,14.0,17.0,6.0,14.1
2019-04-26,21.5,13.0,17.25,8.5,0.0
2019-04-27,27.0,10.0,18.5,17.0,0.0
2019-04-28,31.0,10.0,20.5,21.0,0.0
2019-04-29,29.0,11.0,20.0,18.0,0.0
2019-04-30,28.5,11.0,19.75,17.5,0.0
2019-05-01,29.0,12.0,20.5,17.0,0.0
2019-05-02,30.0,11.5,20.75,18.5,0.0
2019-05-03,25.5,12.0,18.75,13.5,0.0
2019-05-04,25.0,16.0,20.5,9.0,0.0
2019-05-05,22.0,15.5,18.75,6.5,0.0
2019-05-06,22.0,12.0,17.0,10.0,0.0
2019-05-07,25.0,8.0,16.5,17.0,0.0
2019-05-08,23.0,11.0,17.0,12.0,0.0
2019-05-09,25.0,10.5,17.75,14.5,0.0
2019-05-10,29.0,14.0,21.5,15.0,0.0
2019-05-11,34.0,14.5,24.25,19.5,0.0
2019-05-12,34.5,15.0,24.75,19.5,0.0
2019-05-13,35.0,11.5,23.25,23.5,0.0
2019-05-14,33.0,12.0,22.5,21.0,0.0
2019-05-15,29.5,11.0,20.25,18.5,0.0
2019-05-16,26.0,12.5,19.25,13.5,0.0
2019-05-17,25.0,8.5,16.75,16.5,0.0
2019-05-18,24.0,11.0,17.5,13.0,0.0
2019-05-19,23.0,14.0,18.5,9.0,0.0
2019-05-20,25.5,11.0,18.25,14.5,0.0
2019-05-21,26.0,12.0,19.0,14.0,0.0
2019-05-22,,11.0,,,0.0
2019-05-23,31.0,,,,0.0
2019-05-24,26.5,12.0,19.25,14.5,0.0
2019-05-25,25.0,14.0,19.5,11.0,0.0
2019-05-26,30.0,13.0,21.5,17.0,0.0
2019-05-27,31.0,11.0,21.0,20.0,0.0
2019-05-28,30.5,14.0,22.25,16.5,0.0
2019-05-29,34.0,12.0,23.0,22.0,0.0
2019-05-30,34.0,12.5,23.25,21.5,0.0
2019-05-31,37.0,13.0,25.0,24.0,0.0
2019-06-01,36.5,15.0,25.75,21.5,0.0
2019-06-02,33.0,18.0,25.5,15.0,0.0
2019-06-03,34.0,17.0,25.5,17.0,0.0
2019-06-04,26.5,11.0,18.75,15.5,0.0
2019-06-05,26.0,12.0,19.0,14.0,0.0
2019-06-06,25.0,12.0,18.5,13.0,0.0
2019-06-07,26.5,12.0,19.25,14.5,0.0
2019-06-08,30.0,12.0,21.0,18.0,0.0
2019-06-09,26.0,11.0,18.5,15.0,0.0
2019-06-10,27.0,12.0,19.5,15.0,0.0
2019-06-11,26.0,11.0,18.5,15.0,0.0
2019-06-12,28.0,13.0,20.5,15.0,0.0
2019-06-13,27.0,12.0,19.5,15.0,0.0
2019-06-14,29.0,12.0,20.5,17.0,0.0
2019-06-15,26.0,12.0,19.0,14.0,0.0
2019-06-16,27.0,9.0,18.0,18.0,0.0
2019-06-17,26.0,10.0,18.0,16.0,0.0
2019-06-18,27.0,8.0,17.5,19.0,0.0
2019-06-19,29.0,10.0,19.5,19.0,0.0
2019-06-20,28.0,14.0,21.0,14.0,0.0
2019-06-21,26.0,12.0,19.0,14.0,0.0
2019-06-22,28.0,12.0,20.0,16.0,0.0
2019-06-23,29.0,12.5,20.75,16.5,0.0
2019-06-24,26.0,16.0,21.0,10.0,0.0
2019-06-25,28.0,15.0,21.5,13.0,0.0
2019-06-26,28.0,15.0,21.5,13.0,0.0
2019-06-27,28.0,15.0,21.5,13.0,0.0
2019-06-28,29.0,15.0,22.0,14.0,0.0
2019-06-29,33.0,17.0,25.0,16.0,0.0
2019-06-30,28.5,19.0,23.75,9.5,0.0
2019-07-01,30.0,15.0,22.5,15.0,0.0
2019-07-02,28.0,14.0,21.0,14.0,0.0
2019-07-03,27.0,12.5,19.75,14.5,0.0
2019-07-04,27.0,16.0,21.5,11.0,0.0
2019-07-05,29.0,11.0,20.0,18.0,0.0
2019-07-06,30.0,12.0,21.0,18.0,0.0
2019-07-07,29.0,12.0,20.5,17.0,0.0
2019-07-08,28.0,16.0,22.0,12.0,0.0
2019-07-09,31.0,14.0,22.5,17.0,0.0
2019-07-10,32.0,13.0,22.5,19.0,0.0
2019-07-11,37.0,14.0,25.5,23.0,0.0
2019-07-12,30.0,15.0,22.5,15.0,0.0
2019-07-13,28.0,16.5,22.25,11.5,0.0
2019-07-14,,16.0,,,0.0
2019-07-15,29.0,,14.5,,0.0
2019-07-16,29.0,16.0,22.5,13.0,0.0
2019-07-17,29.0,18.0,23.5,11.0,0.0
2019-07-18,31.0,6.5,18.75,24.5,0.0
2019-07-19,36.0,17.0,26.5,19.0,0.0
2019-07-20,34.5,18.0,26.25,16.5,0.0
2019-07-21,32.0,21.0,26.5,11.0,0.0
2019-07-22,34.0,18.5,26.25,15.5,0.0
2019-07-23,35.0,20.0,27.5,15.0,0.0
2019-07-24,37.0,19.0,28.0,18.0,0.0
2019-07-25,32.0,15.0,23.5,17.0,0.0
2019-07-26,28.0,16.0,22.0,12.0,0.0
2019-07-27,26.0,15.0,20.5,11.0,0.0
2019-07-28,26.0,15.5,20.75,10.5,0.0
2019-07-29,27.0,16.0,21.5,11.0,0.0
2019-07-30,28.0,17.0,22.5,11.0,0.0
2019-07-31,,18.0,,,0.0
2019-08-01,28.0,15.0,21.5,13.0,0.0
2019-08-02,34.0,17.0,25.5,17.0,0.0
2019-08-03,,16.0,,,0.0
2019-08-04,33.0,,,,0.0
2019-08-05,34.0,17.0,25.5,17.0,0.0
2019-08-06,35.0,16.0,25.5,19.0,0.0
2019-08-07,35.0,17.0,26.0,18.0,0.0
2019-08-08,34.0,18.0,26.0,16.0,0.0
2019-08-09,35.0,16.0,25.5,19.0,0.0
2019-08-10,34.0,17.0,25.5,17.0,0.0
2019-08-11,34.0,16.0,25.0,18.0,0.0
2019-08-12,34.5,16.0,25.25,18.5,0.0
2019-08-13,35.0,12.0,23.5,23.0,0.0
2019-08-14,32.0,13.0,22.5,19.0,0.0
2019-08-15,34.0,17.0,25.5,17.0,0.0
2019-08-16,31.0,17.0,24.0,14.0,0.0
2019-08-17,37.0,16.0,26.5,21.0,0.0
2019-08-18,31.0,15.0,23.0,16.0,0.0
2019-08-19,32.0,16.0,24.0,16.0,0.0
2019-08-20,31.0,13.0,22.0,18.0,0.0
2019-08-21,38.0,13.0,25.5,25.0,0.0
2019-08-22,39.0,16.0,27.5,23.0,0.0
2019-08-23,38.0,19.0,28.5,19.0,0.0
2019-08-24,37.0,17.0,27.0,20.0,0.0
2019-08-25,34.0,16.5,25.25,17.5,0.0
2019-08-26,33.0,17.0,25.0,16.0,0.0
2019-08-27,29.0,15.0,22.0,14.0,0.0
2019-08-28,35.0,15.0,25.0,20.0,0.0
2019-08-29,38.0,15.0,26.5,23.0,0.0
2019-08-30,37.0,15.5,26.25,21.5,0.0
2019-08-31,39.0,15.0,27.0,24.0,0.0
2019-09-01,31.0,16.0,23.5,15.0,0.0
2019-09-02,31.0,17.5,24.25,13.5,0.0
2019-09-03,31.5,17.0,24.25,14.5,0.0
2019-09-04,34.0,17.0,25.5,17.0,0.0
2019-09-05,30.0,17.0,23.5,13.0,0.0
2019-09-06,32.0,16.0,24.0,16.0,0.0
2019-09-07,34.0,19.0,26.5,15.0,0.0
2019-09-08,32.5,21.0,26.75,11.5,0.0
2019-09-09,30.5,16.5,23.5,14.0,0.0
2019-09-10,30.0,16.0,23.0,14.0,0.0
2019-09-11,30.5,13.0,21.75,17.5,0.0
2019-09-12,26.0,11.0,18.5,15.0,0.0
2019-09-13,29.5,17.0,23.25,12.5,0.0
2019-09-14,28.5,17.0,22.75,11.5,0.0
2019-09-15,30.0,19.5,24.75,10.5,0.0
2019-09-16,29.0,15.0,22.0,14.0,0.0
2019-09-17,30.0,15.0,22.5,15.0,0.0
2019-09-18,26.0,13.0,19.5,13.0,0.0
2019-09-19,27.5,12.5,20.0,15.0,0.0
2019-09-20,26.5,14.5,20.5,12.0,0.0
2019-09-21,26.5,15.5,21.0,11.0,0.0
2019-09-22,26.5,15.5,21.0,11.0,2.8
2019-09-23,29.5,11.0,20.25,18.5,0.0
2019-09-24,30.5,12.0,21.25,18.5,0.0
2019-09-25,29.5,12.0,20.75,17.5,0.0
2019-09-26,30.0,11.0,20.5,19.0,0.0
2019-09-27,29.0,10.0,19.5,19.0,0.0
2019-09-28,33.5,11.0,22.25,22.5,0.0
2019-09-29,29.0,10.0,19.5,19.0,0.0
2019-09-30,30.0,10.5,20.25,19.5,0.0
2019-10-01,29.0,12.5,20.75,16.5,0.0
2019-10-02,31.0,14.0,22.5,17.0,0.0
2019-10-03,25.0,11.0,18.0,14.0,0.0
2019-10-04,,9.0,4.5,,0.0
2019-10-05,,,,,0.0
2019-10-06,30.0,,,,0.0
2019-10-07,33.5,10.0,21.75,23.5,0.0
2019-10-08,34.0,10.0,22.0,24.0,0.0
2019-10-09,30.5,12.0,21.25,18.5,0.0
2019-10-10,32.5,12.5,22.5,20.0,0.0
2019-10-11,30.5,13.0,21.75,17.5,0.0
2019-10-12,29.0,15.0,22.0,14.0,0.0
2019-10-13,29.0,13.0,21.0,16.0,0.0
2019-10-14,22.0,14.0,18.0,8.0,2.5
2019-10-15,24.0,8.0,16.0,16.0,0.0
2019-10-16,25.5,7.0,16.25,18.5,0.0
2019-10-17,26.0,12.0,19.0,14.0,0.0
2019-10-18,24.0,11.0,17.5,13.0,0.0
2019-10-19,26.0,11.0,18.5,15.0,0.0
2019-10-20,20.0,10.0,15.0,10.0,6.5
2019-10-21,22.0,7.5,14.75,14.5,0.0
2019-10-22,19.0,7.0,13.0,12.0,0.0
2019-10-23,19.5,7.0,13.25,12.5,0.0
2019-10-24,21.5,9.0,15.25,12.5,1.4
2019-10-25,29.0,8.0,18.5,21.0,0.0
2019-10-26,30.0,7.0,18.5,23.0,0.0
2019-10-27,25.0,8.0,16.5,17.0,0.0
2019-10-28,22.0,11.5,16.75,10.5,0.0
2019-10-29,25.5,12.0,18.75,13.5,0.0
2019-10-30,25.0,12.0,18.5,13.0,0.0
2019-10-31,26.0,14.0,20.0,12.0,0.0
2019-11-01,25.0,17.0,21.0,8.0,2.7
2019-11-02,23.0,19.0,21.0,4.0,0.0
2019-11-03,22.0,17.0,19.5,5.0,0.0
2019-11-04,22.0,17.5,19.75,4.5,0.0
2019-11-05,19.5,11.0,15.25,8.5,1.3
2019-11-06,19.0,8.5,13.75,10.5,0.0
2019-11-07,21.0,11.0,16.0,10.0,0.0
2019-11-08,19.5,10.0,14.75,9.5,1.1
2019-11-09,19.2,3.4,11.299999999999999,15.799999999999999,0.0
2019-11-10,22.5,9.7,16.1,12.8,0.0
2019-11-11,17.0,11.8,14.4,5.199999999999999,0.2
2019-11-12,21.0,7.0,14.0,14.0,0.0
2019-11-13,21.0,8.0,14.5,13.0,0.0
2019-11-14,16.5,11.0,13.75,5.5,0.0
2019-11-15,,16.5,,,0.0
2019-11-16,,,,,
2019-11-17,18.0,,,,
2019-11-18,17.5,6.0,11.75,11.5,0.0
2019-11-19,17.5,3.0,10.25,14.5,0.0
2019-11-20,17.0,1.0,9.0,16.0,1.0
2019-11-21,12.0,7.5,9.75,4.5,3.4
2019-11-22,,10.0,,,5.0
2019-11-23,,,,,
2019-11-24,16.0,,,,
2019-11-25,20.0,7.0,13.5,13.0,0.0
2019-11-26,21.0,12.0,16.5,9.0,0.5
2019-11-27,19.5,13.0,16.25,6.5,3.0
2019-11-28,21.0,9.0,15.0,12.0,0.0
2019-11-29,22.0,6.0,14.0,16.0,0.0
2019-11-30,,7.0,,,0.0
2019-12-01,21.0,7.0,14.0,14.0,1.0
2019-12-02,16.5,8.0,12.25,8.5,2.9
2019-12-03,17.5,8.0,12.75,9.5,0.0
2019-12-04,11.0,7.0,9.0,4.0,0.0
2019-12-05,12.0,3.0,7.5,9.0,0.0
2019-12-06,20.0,7.0,13.5,13.0,0.0
2019-12-07,22.0,4.0,13.0,18.0,0.0
2019-12-08,18.0,3.0,10.5,15.0,0.0
2019-12-09,21.0,4.0,12.5,17.0,0.0
2019-12-10,20.5,3.5,12.0,17.0,0.0
2019-12-11,17.0,2.5,9.75,14.5,0.0
2019-12-12,17.0,4.0,10.5,13.0,0.0
2019-12-13,19.0,3.0,11.0,16.0,0.0
2019-12-14,19.0,9.0,14.0,10.0,0.0
2019-12-15,17.0,9.0,13.0,8.0,0.0
2019-12-16,21.5,8.0,14.75,13.5,0.0
2019-12-17,16.0,7.5,11.75,8.5,9.0
2019-12-18,17.5,7.0,12.25,10.5,0.0
2019-12-19,17.0,7.0,12.0,10.0,4.2
2019-12-20,18.0,16.0,17.0,2.0,21.2
2019-12-21,17.0,13.0,15.0,4.0,8.1
2019-12-22,18.0,4.0,11.0,14.0,3.0
2019-12-23,18.5,4.5,11.5,14.0,9.2
2019-12-24,21.2,5.0,13.1,16.2,0.0
2019-12-25,22.0,7.0,14.5,15.0,0.0
2019-12-26,22.0,6.0,14.0,16.0,0.0
2019-12-27,22.0,8.0,15.0,14.0,0.0
2019-12-28,21.0,7.0,14.0,14.0,0.0
2019-12-29,19.0,5.0,12.0,14.0,0.0
2019-12-30,21.0,2.0,11.5,19.0,0.0
2019-12-31,18.0,6.0,12.0,12.0,0.0
2020-01-01,19.0,1.0,10.0,18.0,0.0
2020-01-02,18.0,2.0,10.0,16.0,0.0
2020-01-03,11.0,3.0,7.0,8.0,0.0
2020-01-04,14.0,4.0,9.0,10.0,0.0
2020-01-05,14.0,4.0,9.0,10.0,0.0
2020-01-06,12.0,4.0,8.0,8.0,0.0
2020-01-07,17.0,3.0,10.0,14.0,0.0
2020-01-08,20.0,1.0,10.5,19.0,0.0
2020-01-09,17.0,0.0,8.5,17.0,0.0
2020-01-10,17.0,0.0,8.5,17.0,0.0
2020-01-11,17.0,2.0,9.5,15.0,0.0
2020-01-12,17.0,2.0,9.5,15.0,0.0
2020-01-13,17.0,0.0,8.5,17.0,0.0
2020-01-14,17.0,2.0,9.5,15.0,0.0
2020-01-15,19.5,3.0,11.25,16.5,0.0
2020-01-16,18.0,4.0,11.0,14.0,0.0
2020-01-17,21.0,4.0,12.5,17.0,0.0
2020-01-18,16.0,3.5,9.75,12.5,0.0
2020-01-19,11.5,8.0,9.75,3.5,5.7
2020-01-20,12.0,4.0,8.0,8.0,0.0
2020-01-21,13.0,3.5,8.25,9.5,0.0
2020-01-22,12.0,7.0,9.5,5.0,1.1
2020-01-23,12.5,7.0,9.75,5.5,44.2
2020-01-24,14.0,6.0,10.0,8.0,45.6
2020-01-25,13.5,5.6,9.55,7.9,34.0
2020-01-26,17.0,6.0,11.5,11.0,3.5
2020-01-27,15.5,4.0,9.75,11.5,0.0
2020-01-28,17.0,11.5,14.25,5.5,0.0
2020-01-29,17.5,7.0,12.25,10.5,0.0
2020-01-30,18.0,8.5,13.25,9.5,0.0
2020-01-31,18.0,7.0,12.5,11.0,0.0
2020-02-01,22.0,8.0,15.0,14.0,0.0
2020-02-02,22.0,7.5,14.75,14.5,0.0
2020-02-03,21.5,9.5,15.5,12.0,0.0
2020-02-04,25.0,9.0,17.0,16.0,0.0
2020-02-05,20.0,8.0,14.0,12.0,0.0
2020-02-06,22.0,0.0,11.0,22.0,0.0
2020-02-07,20.5,6.0,13.25,14.5,0.0
2020-02-08,19.5,11.5,15.5,8.0,0.0
2020-02-09,21.0,11.5,16.25,9.5,0.0
2020-02-10,22.0,9.0,15.5,13.0,0.0
2020-02-11,21.0,7.5,14.25,13.5,0.0
2020-02-12,17.5,8.0,12.75,9.5,0.0
2020-02-13,20.5,8.0,14.25,12.5,0.0
2020-02-14,21.0,7.5,14.25,13.5,0.0
2020-02-15,22.0,6.0,14.0,16.0,0.0
2020-02-16,23.5,6.5,15.0,17.0,0.0
2020-02-17,21.5,6.5,14.0,15.0,0.0
2020-02-18,22.0,7.0,14.5,15.0,0.0
2020-02-19,21.5,7.0,14.25,14.5,0.0
2020-02-20,21.5,7.5,14.5,14.0,0.0
2020-02-21,22.0,7.5,14.75,14.5,0.0
2020-02-22,25.0,6.5,15.75,18.5,0.0
2020-02-23,25.5,5.0,15.25,20.5,0.0
2020-02-24,22.0,2.5,12.25,19.5,0.0
2020-02-25,21.0,6.0,13.5,15.0,0.0
2020-02-26,21.0,6.5,13.75,14.5,0.0
2020-02-27,20.5,4.0,12.25,16.5,0.0
2020-02-28,22.0,4.0,13.0,18.0,0.0
2020-02-29,22.0,5.0,13.5,17.0,0.0
2020-03-01,20.5,7.0,13.75,13.5,0.3
2020-03-02,22.0,7.5,14.75,14.5,0.2
2020-03-03,19.5,6.0,12.75,13.5,0.0
2020-03-04,21.0,7.0,14.0,14.0,0.0
2020-03-05,20.5,9.0,14.75,11.5,0.0
2020-03-06,21.0,8.0,14.5,13.0,0.0
2020-03-07,22.0,5.0,13.5,17.0,0.0
2020-03-08,24.0,5.0,14.5,19.0,0.0
2020-03-09,25.0,7.0,16.0,18.0,0.0
2020-03-10,28.5,7.0,17.75,21.5,0.0
2020-03-11,29.5,8.0,18.75,21.5,0.0
2020-03-12,22.0,8.0,15.0,14.0,0.0
2020-03-13,22.0,11.5,16.75,10.5,0.0
2020-03-14,22.0,9.0,15.5,13.0,0.0
2020-03-15,23.0,8.0,15.5,15.0,0.0
2020-03-16,18.0,5.5,11.75,12.5,0.0
2020-03-17,17.0,8.3,12.65,8.7,12.7
2020-03-18,20.5,8.5,14.5,12.0,17.7
2020-03-19,22.0,12.0,17.0,10.0,0.0
2020-03-20,21.0,12.0,16.5,9.0,0.0
2020-03-21,16.0,10.0,13.0,6.0,14.5
2020-03-22,18.0,4.0,11.0,14.0,21.0
2020-03-23,20.0,4.0,12.0,16.0,0.2
2020-03-24,21.0,10.0,15.5,11.0,2.1
2020-03-25,21.5,12.2,16.85,9.3,0.2
2020-03-26,21.5,12.0,16.75,9.5,0.0
2020-03-27,17.0,7.0,12.0,10.0,0.0
2020-03-28,21.0,6.0,13.5,15.0,0.0
2020-03-29,22.0,7.0,14.5,15.0,0.0
2020-03-30,19.5,8.0,13.75,11.5,0.0
2020-03-31,20.0,10.0,15.0,10.0,19.8
2020-04-01,18.0,7.0,12.5,11.0,0.3
2020-04-02,17.0,8.0,12.5,9.0,13.4
2020-04-03,24.0,6.0,15.0,18.0,1.0
2020-04-04,21.0,6.0,13.5,15.0,0.0
2020-04-05,25.0,10.0,17.5,15.0,0.0
2020-04-06,22.0,9.0,15.5,13.0,0.3
2020-04-07,25.0,11.0,18.0,14.0,0.3
2020-04-08,25.0,11.0,18.0,14.0,0.0
2020-04-09,22.0,13.0,17.5,9.0,0.0
2020-04-10,23.0,12.0,17.5,11.0,1.6
2020-04-11,25.0,12.0,18.5,13.0,0.0
2020-04-12,22.0,9.0,15.5,13.0,0.0
2020-04-13,22.0,11.0,16.5,11.0,0.0
2020-04-14,22.0,11.0,16.5,11.0,0.0
2020-04-15,21.5,11.0,16.25,10.5,9.8
2020-04-16,22.5,12.5,17.5,10.0,4.5
2020-04-17,22.0,13.0,17.5,9.0,0.2
2020-04-18,25.0,11.0,18.0,14.0,0.0
2020-04-19,22.0,11.0,16.5,11.0,0.0
2020-04-20,21.5,11.0,16.25,10.5,0.0
2020-04-21,21.0,11.0,16.0,10.0,10.1
2020-04-22,21.5,10.0,15.75,11.5,7.7
2020-04-23,21.0,10.5,15.75,10.5,0.0
2020-04-24,25.0,11.0,18.0,14.0,0.0
2020-04-25,21.0,12.0,16.5,9.0,9.0
2020-04-26,21.5,14.0,17.75,7.5,0.0
2020-04-27,22.0,8.5,15.25,13.5,1.1
2020-04-28,22.0,12.0,17.0,10.0,13.4
2020-04-29,22.0,9.0,15.5,13.0,0.0
2020-04-30,22.0,10.5,16.25,11.5,0.0
2020-05-01,26.0,12.0,19.0,14.0,0.4
2020-05-02,30.0,12.0,21.0,18.0,0.0
2020-05-03,36.0,15.0,25.5,21.0,0.0
2020-05-04,25.0,16.0,20.5,9.0,0.0
2020-05-05,25.0,13.5,19.25,11.5,0.0
2020-05-06,30.0,12.0,21.0,18.0,0.0
2020-05-07,30.5,12.0,21.25,18.5,0.0
2020-05-08,25.0,13.5,19.25,11.5,0.0
2020-05-09,22.0,15.0,18.5,7.0,0.0
2020-05-10,22.0,14.0,18.0,8.0,4.0
2020-05-11,24.0,15.0,19.5,9.0,1.5
2020-05-12,20.5,9.0,14.75,11.5,1.0
2020-05-13,22.0,12.5,17.25,9.5,3.0
2020-05-14,22.0,12.5,17.25,9.5,17.5
2020-05-15,22.0,12.0,17.0,10.0,21.7
2020-05-16,21.0,11.0,16.0,10.0,0.0
2020-05-17,25.5,13.0,19.25,12.5,0.0
2020-05-18,29.0,13.5,21.25,15.5,0.0
2020-05-19,33.0,14.0,23.5,19.0,0.0
2020-05-20,31.0,15.0,23.0,16.0,0.0
2020-05-21,31.0,15.0,23.0,16.0,0.0
2020-05-22,35.0,14.0,24.5,21.0,0.0
2020-05-23,37.0,15.0,26.0,22.0,0.0
2020-05-24,37.0,16.0,26.5,21.0,0.0
2020-05-25,33.0,15.0,24.0,18.0,0.0
2020-05-26,34.5,16.0,25.25,18.5,0.0
2020-05-27,34.0,13.0,23.5,21.0,0.0
2020-05-28,34.0,15.5,24.75,18.5,0.0
2020-05-29,30.0,15.0,22.5,15.0,0.0
2020-05-30,34.0,15.0,24.5,19.0,0.0
2020-05-31,29.0,14.0,21.5,15.0,0.0
2020-06-01,27.5,15.0,21.25,12.5,0.0
2020-06-02,26.5,13.5,20.0,13.0,0.0
2020-06-03,26.5,15.0,20.75,11.5,0.0
2020-06-04,24.5,15.0,19.75,9.5,0.0
2020-06-05,26.0,17.5,21.75,8.5,2.6
2020-06-06,24.0,17.0,20.5,7.0,0.0
2020-06-07,25.5,12.0,18.75,13.5,0.0
2020-06-08,24.0,12.0,18.0,12.0,0.0
2020-06-09,26.0,12.0,19.0,14.0,0.0
2020-06-10,27.0,11.0,19.0,16.0,0.0
2020-06-11,22.5,13.0,17.75,9.5,0.0
2020-06-12,22.0,14.5,18.25,7.5,0.0
2020-06-13,25.0,11.0,18.0,14.0,0.0
2020-06-14,24.0,13.0,18.5,11.0,0.0
2020-06-15,26.0,12.5,19.25,13.5,0.0
2020-06-16,25.0,14.0,19.5,11.0,0.0
2020-06-17,28.5,14.5,21.5,14.0,0.0
2020-06-18,28.0,15.0,21.5,13.0,0.0
2020-06-19,26.0,11.0,18.5,15.0,0.0
2020-06-20,33.0,11.0,22.0,22.0,0.0
2020-06-21,36.0,11.5,23.75,24.5,0.0
2020-06-22,38.5,15.0,26.75,23.5,0.0
2020-06-23,34.0,16.5,25.25,17.5,0.0
2020-06-24,29.0,15.0,22.0,14.0,0.0
2020-06-25,28.0,17.0,22.5,11.0,0.0
2020-06-26,29.0,17.5,23.25,11.5,0.0
2020-06-27,30.0,13.0,21.5,17.0,0.0
2020-06-28,34.0,14.0,24.0,20.0,0.0
2020-06-29,34.0,20.0,27.0,14.0,0.0
2020-06-30,30.0,18.0,24.0,12.0,0.0
2020-07-01,28.0,19.0,23.5,9.0,0.0
2020-07-02,32.5,15.5,24.0,17.0,0.0
2020-07-03,31.5,15.0,23.25,16.5,0.0
2020-07-04,34.0,14.0,24.0,20.0,0.0
2020-07-05,38.0,15.0,26.5,23.0,0.0
2020-07-06,38.0,16.0,27.0,22.0,0.0
2020-07-07,42.5,21.5,32.0,21.0,0.0
2020-07-08,31.0,22.0,26.5,9.0,0.0
2020-07-09,28.0,19.0,23.5,9.0,0.0
2020-07-10,31.5,15.0,23.25,16.5,0.0
2020-07-11,38.0,16.0,27.0,22.0,0.0
2020-07-12,37.0,22.5,29.75,14.5,0.0
2020-07-13,33.5,18.0,25.75,15.5,0.0
2020-07-14,36.5,20.5,28.5,16.0,0.0
2020-07-15,38.0,18.0,28.0,20.0,0.0
2020-07-16,40.5,19.0,29.75,21.5,0.0
2020-07-17,39.0,18.5,28.75,20.5,0.0
2020-07-18,40.1,21.0,30.55,19.1,0.0
2020-07-19,34.0,20.0,27.0,14.0,0.0
2020-07-20,41.0,18.0,29.5,23.0,0.0
2020-07-21,29.5,20.0,24.75,9.5,0.0
2020-07-22,30.0,21.5,25.75,8.5,0.0
2020-07-23,35.0,19.0,27.0,16.0,0.0
2020-07-24,34.0,20.0,27.0,14.0,0.0
2020-07-25,34.0,18.0,26.0,16.0,0.0
2020-07-26,38.0,18.0,28.0,20.0,0.0
2020-07-27,32.0,20.0,26.0,12.0,0.0
2020-07-28,34.0,22.0,28.0,12.0,0.0
2020-07-29,34.0,19.5,26.75,14.5,0.0
2020-07-30,33.0,19.0,26.0,14.0,0.0
2020-07-31,34.0,18.0,26.0,16.0,0.0
2020-08-01,39.0,20.1,29.55,18.9,0.0
2020-08-02,35.0,21.0,28.0,14.0,0.0
2020-08-03,34.0,16.0,25.0,18.0,0.0
2020-08-04,31.5,16.0,23.75,15.5,0.0
2020-08-05,40.0,17.0,28.5,23.0,0.0
2020-08-06,37.0,17.0,27.0,20.0,0.0
2020-08-07,30.0,16.0,23.0,14.0,0.0
2020-08-08,36.5,20.0,28.25,16.5,0.0
2020-08-09,32.0,17.0,24.5,15.0,0.0
2020-08-10,34.0,17.0,25.5,17.0,0.0
2020-08-11,30.0,18.0,24.0,12.0,0.0
2020-08-12,29.0,15.0,22.0,14.0,0.0
2020-08-13,28.0,16.0,22.0,12.0,0.0
2020-08-14,33.0,16.0,24.5,17.0,0.0
2020-08-15,30.0,15.0,22.5,15.0,0.0
2020-08-16,29.0,14.0,21.5,15.0,0.0
2020-08-17,30.0,20.0,25.0,10.0,0.0
2020-08-18,26.0,15.0,20.5,11.0,0.0
2020-08-19,37.0,20.0,28.5,17.0,0.0
2020-08-20,32.5,11.0,21.75,21.5,0.0
2020-08-21,30.0,16.0,23.0,14.0,0.0
2020-08-22,35.0,15.5,25.25,19.5,0.0
2020-08-23,38.0,14.0,26.0,24.0,0.0
2020-08-24,37.0,13.0,25.0,24.0,0.0
2020-08-25,36.0,15.0,25.5,21.0,0.0
2020-08-26,38.0,17.0,27.5,21.0,0.0
2020-08-27,38.5,18.0,28.25,20.5,0.0
2020-08-28,33.0,16.0,24.5,17.0,0.0
2020-08-29,30.0,15.0,22.5,15.0,0.0
2020-08-30,34.0,17.0,25.5,17.0,0.0
2020-08-31,35.0,11.0,23.0,24.0,0.0
2020-09-01,33.0,11.0,22.0,22.0,0.0
2020-09-02,30.0,13.0,21.5,17.0,0.0
2020-09-03,37.0,14.0,25.5,23.0,0.0
2020-09-04,36.0,15.0,25.5,21.0,0.0
2020-09-05,35.0,16.0,25.5,19.0,0.0
2020-09-06,36.0,17.0,26.5,19.0,0.0
2020-09-07,31.0,15.0,23.0,16.0,0.0
2020-09-08,34.0,15.0,24.5,19.0,0.0
2020-09-09,35.0,17.0,26.0,18.0,0.0
2020-09-10,34.0,16.0,25.0,18.0,0.0
2020-09-11,37.0,16.0,26.5,21.0,0.0
2020-09-12,36.0,16.0,26.0,20.0,0.0
2020-09-13,38.0,15.0,26.5,23.0,0.0
2020-09-14,30.5,17.0,23.75,13.5,0.0
2020-09-15,31.0,16.0,23.5,15.0,0.0
2020-09-16,30.0,14.0,22.0,16.0,0.0
2020-09-17,29.5,17.0,23.25,12.5,0.0
2020-09-18,26.0,15.5,20.75,10.5,0.0
2020-09-19,26.0,19.0,22.5,7.0,15.5
2020-09-20,28.0,15.0,21.5,13.0,0.0
2020-09-21,30.0,15.0,22.5,15.0,0.0
2020-09-22,29.0,16.0,22.5,13.0,0.0
2020-09-23,27.5,16.0,21.75,11.5,0.0
2020-09-24,33.0,17.5,25.25,15.5,0.0
2020-09-25,30.0,15.0,22.5,15.0,0.0
2020-09-26,30.0,12.0,21.0,18.0,0.0
2020-09-27,32.0,14.0,23.0,18.0,0.0
2020-09-28,33.0,16.0,24.5,17.0,0.0
2020-09-29,34.0,11.0,22.5,23.0,0.0
2020-09-30,26.0,12.0,19.0,14.0,0.0
2020-10-01,29.0,11.0,20.0,18.0,0.0
2020-10-02,24.0,12.0,18.0,12.0,0.0
2020-10-03,23.0,7.0,15.0,16.0,0.0
2020-10-04,22.0,7.5,14.75,14.5,0.0
2020-10-05,26.0,7.5,16.75,18.5,0.0
2020-10-06,29.0,9.0,19.0,20.0,0.0
2020-10-07,32.0,15.0,23.5,17.0,0.0
2020-10-08,34.0,17.0,25.5,17.0,0.0
2020-10-09,30.0,13.0,21.5,17.0,0.0
2020-10-10,29.0,14.0,21.5,15.0,0.0
2020-10-11,26.0,12.0,19.0,14.0,0.0
2020-10-12,26.0,12.0,19.0,14.0,0.0
2020-10-13,26.0,7.5,16.75,18.5,0.0
2020-10-14,21.0,10.0,15.5,11.0,0.0
2020-10-15,23.0,6.5,14.75,16.5,0.0
2020-10-16,25.5,6.0,15.75,19.5,0.0
2020-10-17,23.5,3.0,13.25,20.5,0.0
2020-10-18,30.0,3.0,16.5,27.0,0.0
2020-10-19,28.0,5.0,16.5,23.0,0.0
2020-10-20,26.0,11.0,18.5,15.0,0.0
2020-10-21,25.0,17.0,21.0,8.0,13.0
2020-10-22,23.0,16.0,19.5,7.0,8.0
2020-10-23,22.0,8.0,15.0,14.0,0.0
2020-10-24,24.0,5.0,14.5,19.0,0.8
2020-10-25,22.0,7.0,14.5,15.0,0.2
2020-10-26,20.0,7.0,13.5,13.0,3.5
2020-10-27,20.0,5.5,12.75,14.5,0.0
2020-10-28,22.0,6.0,14.0,16.0,0.0
2020-10-29,26.0,11.5,18.75,14.5,0.0
2020-10-30,27.0,8.0,17.5,19.0,0.0
2020-10-31,30.0,10.0,20.0,20.0,0.0
2020-11-01,29.0,15.0,22.0,14.0,0.0
2020-11-02,30.0,12.0,21.0,18.0,0.0
2020-11-03,22.0,11.0,16.5,11.0,0.0
2020-11-04,19.0,11.5,15.25,7.5,0.6
2020-11-05,24.5,12.5,18.5,12.0,36.2
2020-11-06,24.0,12.5,18.25,11.5,0.6
2020-11-07,22.0,13.0,17.5,9.0,15.5
2020-11-08,21.0,9.0,15.0,12.0,0.0
2020-11-09,21.5,11.0,16.25,10.5,1.9
2020-11-10,21.5,10.5,16.0,11.0,0.0
2020-11-11,22.0,9.0,15.5,13.0,0.0
2020-11-12,22.0,10.5,16.25,11.5,0.0
2020-11-13,21.0,11.5,16.25,9.5,0.0
2020-11-14,22.0,12.0,17.0,10.0,7.4
2020-11-15,21.0,9.5,15.25,11.5,0.8
2020-11-16,22.0,15.0,18.5,7.0,0.0
2020-11-17,22.0,13.0,17.5,9.0,0.0
2020-11-18,26.0,11.0,18.5,15.0,0.0
2020-11-19,25.0,10.0,17.5,15.0,0.0
2020-11-20,24.0,8.5,16.25,15.5,0.0
2020-11-21,23.5,7.5,15.5,16.0,0.0
2020-11-22,21.0,8.5,14.75,12.5,0.0
2020-11-23,20.0,6.0,13.0,14.0,0.0
2020-11-24,18.0,4.0,11.0,14.0,0.0
2020-11-25,18.0,6.0,12.0,12.0,0.0
2020-11-26,14.0,11.0,12.5,3.0,28.0
2020-11-27,14.0,7.0,10.5,7.0,13.0
2020-11-28,20.0,6.0,13.0,14.0,0.0
2020-11-29,18.0,7.0,12.5,11.0,13.0
2020-11-30,20.0,12.0,16.0,8.0,2.0
2020-12-01,21.0,10.0,15.5,11.0,0.0
2020-12-02,20.0,11.0,15.5,9.0,0.0
2020-12-03,18.0,6.0,12.0,12.0,0.0
2020-12-04,16.5,13.0,14.75,3.5,0.0
2020-12-05,14.0,3.0,8.5,11.0,1.6
2020-12-06,15.0,3.0,9.0,12.0,0.0
2020-12-07,18.0,13.5,15.75,4.5,0.0
2020-12-08,18.5,13.0,15.75,5.5,2.4
2020-12-09,11.0,6.0,8.5,5.0,1.0
2020-12-10,22.5,6.5,14.5,16.0,0.0
2020-12-11,18.0,15.5,16.75,2.5,0.2
2020-12-12,21.0,15.0,18.0,6.0,0.0
2020-12-13,21.0,15.0,18.0,6.0,0.0
2020-12-14,18.0,12.0,15.0,6.0,0.0
2020-12-15,19.0,6.0,12.5,13.0,3.3
2020-12-16,14.0,8.0,11.0,6.0,0.2
2020-12-17,17.0,5.0,11.0,12.0,20.7
2020-12-18,18.0,7.0,12.5,11.0,0.5
2020-12-19,16.0,7.0,11.5,9.0,0.0
2020-12-20,18.0,8.0,13.0,10.0,4.5
2020-12-21,18.0,6.0,12.0,12.0,0.0
2020-12-22,21.0,6.5,13.75,14.5,0.0
2020-12-23,20.0,7.0,13.5,13.0,0.0
2020-12-24,20.0,7.0,11.5,9.0,0.0
2020-12-25,16.0,7.0,9.0,4.0,0.0
2020-12-26,11.0,4.0,10.0,12.0,0.0
2020-12-27,16.0,0.0,7.0,14.0,0.0
2020-12-28,14.0,1.0,9.0,16.0,0.0
2020-12-29,17.0,2.0,8.0,12.0,0.0
2020-12-30,14.0,0.0,7.0,14.0,0.0
2020-12-31,14.0,-1.0,5.5,13.0,0.0
2021-01-01,12.0,1.0,6.5,11.0,1.5
2021-01-02,12.0,-2.0,5.0,14.0,0.0
2021-01-03,13.0,-2.0,5.5,15.0,0.0
2021-01-04,14.0,-3.0,5.5,17.0,0.0
2021-01-05,12.0,3.0,7.5,9.0,0.0
2021-01-06,12.0,2.0,7.0,10.0,0.0
2021-01-07,12.0,7.0,9.5,5.0,11.2
2021-01-08,10.0,7.0,8.5,3.0,18.5
2021-01-09,10.0,2.0,6.0,8.0,2.5
2021-01-10,9.0,0.0,4.5,9.0,0.0
2021-01-11,13.0,1.0,7.0,12.0,0.0
2021-01-12,12.0,0.0,6.0,12.0,0.0
2021-01-13,14.0,1.5,7.75,12.5,0.0
2021-01-14,13.0,2.0,7.5,11.0,0.0
2021-01-15,,2.0,,,0.0
2021-01-16,,,,,
2021-01-17,17.0,,,,
2021-01-18,17.0,1.0,9.0,16.0,0.0
2021-01-19,14.0,0.5,7.25,13.5,0.0
2021-01-20,16.5,3.5,10.0,13.0,5.3
2021-01-21,17.0,10.5,13.75,6.5,7.9
2021-01-22,18.0,11.0,14.5,7.0,2.0
2021-01-23,17.0,9.0,13.0,8.0,0.3
2021-01-24,18.0,11.0,14.5,7.0,0.9
2021-01-25,17.5,11.5,14.5,6.0,0.4
2021-01-26,17.0,15.0,16.0,2.0,0.2
2021-01-27,21.0,15.0,18.0,6.0,0.1
2021-01-28,20.0,10.0,15.0,10.0,0.0
2021-01-29,15.0,11.0,13.0,4.0,0.0
2021-01-30,17.5,13.0,15.25,4.5,0.9
2021-01-31,17.5,10.5,14.0,7.0,1.3
2021-02-01,18.0,12.0,15.0,6.0,0.0
2021-02-02,18.0,13.5,15.75,4.5,0.0
2021-02-03,20.5,12.0,16.25,8.5,0.0
2021-02-04,18.0,12.5,15.25,5.5,0.0
2021-02-05,14.0,12.0,13.0,2.0,0.6
2021-02-06,16.0,11.0,13.5,5.0,20.0
2021-02-07,13.0,8.0,10.5,5.0,4.5
2021-02-08,17.5,8.5,13.0,9.0,13.0
2021-02-09,16.5,11.0,13.75,5.5,0.2
2021-02-10,16.5,14.0,15.25,2.5,2.0
2021-02-11,20.0,14.0,17.0,6.0,0.7
2021-02-12,21.0,13.5,17.25,7.5,0.5
2021-02-13,20.0,5.0,12.5,15.0,0.0
2021-02-14,20.5,8.0,14.25,12.5,0.0
2021-02-15,21.5,9.0,15.25,12.5,0.0
2021-02-16,21.0,5.0,13.0,16.0,0.0
2021-02-17,21.5,6.0,13.75,15.5,0.0
2021-02-18,20.0,6.0,13.0,14.0,0.2
2021-02-19,19.0,6.5,12.75,12.5,0.0
2021-02-20,23.0,9.0,16.0,14.0,0.7
2021-02-21,15.0,8.5,11.75,6.5,22.0
2021-02-22,17.5,2.0,9.75,15.5,4.5
2021-02-23,17.5,2.5,10.0,15.0,0.0
2021-02-24,22.0,8.0,15.0,14.0,0.0
2021-02-25,17.0,7.0,12.0,10.0,0.0
2021-02-26,17.5,11.0,14.25,6.5,5.4
2021-02-27,17.5,8.5,13.0,9.0,5.0
2021-02-28,21.0,8.0,14.5,13.0,0.0
2021-03-01,21.0,8.0,14.5,13.0,0.0
2021-03-02,21.0,10.5,15.75,10.5,4.5
2021-03-03,20.0,11.0,15.5,9.0,0.0
2021-03-04,20.5,8.0,14.25,12.5,0.0
2021-03-05,17.0,8.5,12.75,8.5,17.0
2021-03-06,16.0,11.0,13.5,5.0,7.5
2021-03-07,20.0,12.0,16.0,8.0,2.7
2021-03-08,17.0,8.5,12.75,8.5,0.0
2021-03-09,20.0,6.0,13.0,14.0,0.0
2021-03-10,20.5,6.0,13.25,14.5,0.0
2021-03-11,21.5,1.0,11.25,20.5,0.0
2021-03-12,22.0,7.0,14.5,15.0,0.0
2021-03-13,21.5,5.5,13.5,16.0,0.0
2021-03-14,21.0,7.0,14.0,14.0,0.0
2021-03-15,22.0,8.0,15.0,14.0,0.0
2021-03-16,25.5,9.0,17.25,16.5,0.0
2021-03-17,22.0,8.0,15.0,14.0,0.0
2021-03-18,20.5,7.5,14.0,13.0,0.0
2021-03-19,16.0,4.0,10.0,12.0,0.0
2021-03-20,17.0,7.0,12.0,10.0,0.5
2021-03-21,19.5,2.0,10.75,17.5,0.0
2021-03-22,21.0,4.0,12.5,17.0,0.0
2021-03-23,21.5,3.0,12.25,18.5,0.0
2021-03-24,22.0,3.5,12.75,18.5,0.0
2021-03-25,22.5,4.0,13.25,18.5,0.0
2021-03-26,25.0,5.0,15.0,20.0,0.0
2021-03-27,26.0,10.5,18.25,15.5,0.0
2021-03-28,26.0,11.0,18.5,15.0,0.0
2021-03-29,26.0,11.5,18.75,14.5,0.0
2021-03-30,24.0,12.0,18.0,12.0,0.0
2021-03-31,23.0,12.0,17.5,11.0,0.0
2021-04-01,21.0,8.0,14.5,13.0,0.0
2021-04-02,21.0,5.0,13.0,16.0,0.0
2021-04-03,22.0,4.0,13.0,18.0,0.0
2021-04-04,24.0,4.0,14.0,20.0,0.0
2021-04-05,26.0,10.0,18.0,16.0,0.0
2021-04-06,26.0,8.5,17.25,17.5,0.0
2021-04-07,24.0,9.0,16.5,15.0,0.0
2021-04-08,26.0,11.0,18.5,15.0,0.0
2021-04-09,22.0,9.0,15.5,13.0,0.0
2021-04-10,22.0,13.0,17.5,9.0,0.1
2021-04-11,26.0,9.0,17.5,17.0,0.0
2021-04-12,26.0,10.0,18.0,16.0,0.0
2021-04-13,26.0,12.0,19.0,14.0,0.0
2021-04-14,22.5,13.0,17.75,9.5,0.0
2021-04-15,24.0,12.0,18.0,12.0,0.0
2021-04-16,24.0,11.0,17.5,13.0,15.5
2021-04-17,23.0,16.0,19.5,7.0,0.1
2021-04-18,27.0,15.0,21.0,12.0,0.0
2021-04-19,22.0,9.0,15.5,13.0,0.0
2021-04-20,23.0,10.0,16.5,13.0,0.0
2021-04-21,22.0,8.0,15.0,14.0,0.0
2021-04-22,26.0,11.0,18.5,15.0,0.0
2021-04-23,26.0,10.0,18.0,16.0,0.0
2021-04-24,25.0,9.0,17.0,16.0,0.0
2021-04-25,25.5,11.5,18.5,14.0,0.0
2021-04-26,22.0,12.0,17.0,10.0,0.3
2021-04-27,22.0,15.0,18.5,7.0,11.0
2021-04-28,21.0,10.0,15.5,11.0,0.0
2021-04-29,23.0,15.0,19.0,8.0,0.0
2021-04-30,21.0,9.0,15.0,12.0,0.0
2021-05-01,21.0,9.0,15.0,12.0,0.0
2021-05-02,24.0,9.0,16.5,15.0,0.0
2021-05-03,24.0,7.0,15.5,17.0,0.0
2021-05-04,28.0,9.0,18.5,19.0,0.0
2021-05-05,30.0,10.0,20.0,20.0,0.0
2021-05-06,26.0,10.5,18.25,15.5,0.0
2021-05-07,32.0,10.0,21.0,22.0,0.0
2021-05-08,27.0,8.0,17.5,19.0,0.0
2021-05-09,22.0,10.0,16.0,12.0,0.0
2021-05-10,21.5,7.0,14.25,14.5,0.0
2021-05-11,23.0,7.0,15.0,16.0,0.0
2021-05-12,24.0,8.0,16.0,16.0,0.0
2021-05-13,25.5,10.0,17.75,15.5,0.0
2021-05-14,29.5,7.0,18.25,22.5,0.0
2021-05-15,34.0,8.0,21.0,26.0,0.0
2021-05-16,31.0,12.0,21.5,19.0,0.0
2021-05-17,30.0,11.0,20.5,19.0,0.0
2021-05-18,32.5,15.0,23.75,17.5,0.0
2021-05-19,33.5,12.5,23.0,21.0,0.0
2021-05-20,31.0,13.5,22.25,17.5,0.0
2021-05-21,30.0,13.0,21.5,17.0,0.0
2021-05-22,29.0,14.0,21.5,15.0,0.0
2021-05-23,22.0,14.0,18.0,8.0,0.0
2021-05-24,27.0,12.0,19.5,15.0,0.0
2021-05-25,34.0,9.0,21.5,25.0,0.0
2021-05-26,30.0,10.0,20.0,20.0,0.0
2021-05-27,22.0,13.0,17.5,9.0,0.0
2021-05-28,28.0,15.0,21.5,13.0,7.6
2021-05-29,25.0,12.9,18.95,12.1,0.0
2021-05-30,32.0,14.4,23.2,17.6,0.0
2021-05-31,26.0,16.1,21.05,9.899999999999999,0.0
2021-06-01,30.0,,15.0,30.0,0.0
2021-06-02,26.0,10.0,18.0,16.0,0.0
2021-06-03,26.5,10.0,18.25,16.5,0.0
2021-06-04,29.0,10.5,19.75,18.5,0.0
2021-06-05,30.0,14.0,22.0,16.0,0.0
2021-06-06,34.0,13.0,23.5,21.0,0.0
2021-06-07,37.0,13.0,25.0,24.0,0.0
2021-06-08,38.0,14.0,26.0,24.0,0.0
2021-06-09,35.0,19.0,27.0,16.0,0.0
2021-06-10,33.5,14.0,23.75,19.5,0.0
2021-06-11,30.0,15.0,22.5,15.0,0.0
2021-06-12,29.0,15.0,22.0,14.0,0.0
2021-06-13,30.0,17.0,23.5,13.0,0.0
2021-06-14,21.0,13.0,17.0,8.0,0.0
2021-06-15,27.0,11.0,19.0,16.0,0.0
2021-06-16,26.0,16.0,21.0,10.0,0.0
2021-06-17,26.0,17.0,21.5,9.0,0.5
2021-06-18,,16.0,,,3.0
2021-06-19,,,,,
2021-06-20,28.0,,,,
2021-06-21,25.0,12.0,18.5,13.0,0.0
2021-06-22,26.0,13.0,19.5,13.0,0.0
2021-06-23,30.0,14.0,22.0,16.0,0.0
2021-06-24,34.0,12.0,23.0,22.0,0.0
2021-06-25,,14.0,,,0.0
2021-06-26,,,,,
2021-06-27,35.0,14.0,24.5,21.0,0.0
2021-06-28,33.0,14.0,23.5,19.0,0.0
2021-06-29,34.0,12.0,23.0,22.0,0.0
2021-06-30,33.0,10.0,21.5,23.0,0.0
2021-07-01,30.0,11.0,20.5,19.0,0.0
2021-07-02,31.0,12.0,21.5,19.0,0.0
2021-07-03,31.0,14.0,22.5,17.0,0.0
2021-07-04,31.0,16.0,23.5,15.0,0.0
2021-07-05,33.0,15.5,24.25,17.5,0.0
2021-07-06,30.0,15.0,22.5,15.0,0.0
2021-07-07,31.0,16.0,23.5,15.0,0.0
2021-07-08,32.0,15.0,23.5,17.0,0.0
2021-07-09,39.0,17.0,28.0,22.0,0.0
2021-07-10,42.5,18.5,30.5,24.0,0.0
2021-07-11,42.0,19.0,30.5,23.0,0.0
2021-07-12,33.0,18.0,25.5,15.0,0.0
2021-07-13,30.0,15.0,22.5,15.0,0.0
2021-07-14,33.5,12.5,23.0,21.0,0.0
2021-07-15,38.0,13.0,25.5,25.0,0.0
2021-07-16,38.0,15.0,26.5,23.0,0.0
2021-07-17,38.0,17.0,27.5,21.0,0.0
2021-07-18,39.0,16.0,27.5,23.0,0.0
2021-07-19,29.0,15.0,22.0,14.0,0.0
2021-07-20,30.0,14.0,22.0,16.0,0.0
2021-07-21,34.0,15.0,24.5,19.0,0.0
2021-07-22,39.0,17.0,28.0,22.0,0.0
2021-07-23,37.5,20.0,28.75,17.5,0.0
2021-07-24,37.5,17.5,27.5,20.0,0.0
2021-07-25,37.0,14.5,25.75,22.5,0.0
2021-07-26,37.0,16.0,26.5,21.0,0.0
2021-07-27,35.0,15.0,25.0,20.0,0.0
2021-07-28,37.0,17.0,27.0,20.0,0.0
2021-07-29,34.0,16.0,25.0,18.0,0.0
2021-07-30,,16.0,,,0.0
2021-07-31,,,,,
2021-08-01,33.5,,,,
2021-08-02,32.5,11.5,22.0,21.0,0.0
2021-08-03,34.0,13.5,23.75,20.5,0.0
2021-08-04,34.0,16.0,25.0,18.0,0.0
2021-08-05,31.0,17.0,24.0,14.0,0.0
2021-08-06,33.0,15.0,24.0,18.0,0.0
2021-08-07,33.0,17.0,25.0,16.0,0.0
2021-08-08,32.5,16.0,24.25,16.5,0.0
2021-08-09,33.0,12.0,22.5,21.0,0.0
2021-08-10,34.0,16.0,25.0,18.0,0.0
2021-08-11,31.0,16.0,23.5,15.0,0.0
2021-08-12,38.0,16.0,27.0,22.0,0.0
2021-08-13,38.0,17.0,27.5,21.0,0.0
2021-08-14,42.0,21.0,31.5,21.0,0.0
2021-08-15,42.0,21.0,31.5,21.0,0.0
2021-08-16,43.0,19.0,31.0,24.0,0.0
2021-08-17,31.0,19.0,25.0,12.0,0.0
2021-08-18,32.0,23.0,27.5,9.0,0.0
2021-08-19,31.0,21.0,26.0,10.0,0.0
2021-08-20,33.0,23.0,28.0,10.0,0.0
2021-08-21,34.0,21.0,27.5,13.0,0.0
2021-08-22,34.0,15.0,24.5,19.0,0.0
2021-08-23,34.0,15.0,24.5,19.0,0.0
2021-08-24,31.0,20.0,25.5,11.0,0.0
2021-08-25,29.0,21.0,25.0,8.0,0.7
2021-08-26,29.0,21.0,25.0,8.0,0.3
2021-08-27,30.0,20.0,25.0,10.0,0.0
2021-08-28,30.0,15.0,22.5,15.0,0.0
2021-08-29,30.0,15.0,22.5,15.0,0.0
2021-08-30,30.0,16.0,23.0,14.0,0.0
2021-08-31,30.0,25.0,27.5,5.0,0.0
