date,Tmed,Tmin,Tmax,Osc.,Prec.,PAcum,TH,TS
2019-01-01,2.7600000000000477,2.7600000000000477,2.7600000000000477,0.0,0.0,97.23,1.6384691657490533,2.7600000000000477
2019-01-02,2.7600000000000477,2.7600000000000477,2.7600000000000477,0.0,0.0,97.23,1.6384691657490533,2.7600000000000477
2019-01-03,2.7600000000000477,2.7600000000000477,2.7600000000000477,0.0,0.0,97.23,1.6384691657490533,2.7600000000000477
2019-01-04,2.7600000000000477,2.7600000000000477,2.7600000000000477,0.0,0.0,97.23,1.6384691657490533,2.7600000000000477
2019-01-05,2.7600000000000477,2.7600000000000477,2.7600000000000477,0.0,0.0,97.23,1.6384691657490533,2.7600000000000477
2019-01-06,2.7600000000000477,2.7600000000000477,2.7600000000000477,0.0,0.0,97.23,1.6384691657490533,2.7600000000000477
2019-01-07,2.7600000000000477,2.7600000000000477,2.7600000000000477,0.0,0.0,97.23,1.6384691657490533,2.7600000000000477
2019-01-08,2.7600000000000477,2.7600000000000477,2.7600000000000477,0.0,0.0,97.23,1.6384691657490533,2.7600000000000477
2019-01-09,2.7600000000000477,2.7600000000000477,2.7600000000000477,0.0,0.0,97.23,1.6384691657490533,2.7600000000000477
2019-01-10,2.7600000000000477,2.7600000000000477,2.7600000000000477,0.0,0.0,97.23,1.6384691657490533,2.7600000000000477
2019-01-11,2.7600000000000477,2.7600000000000477,2.7600000000000477,0.0,0.0,97.23,1.6384691657490533,2.7600000000000477
2019-01-12,2.7600000000000477,2.7600000000000477,2.7600000000000477,0.0,0.0,97.23,1.6384691657490533,2.7600000000000477
2019-01-13,2.7600000000000477,2.7600000000000477,2.7600000000000477,0.0,0.0,97.23,1.6384691657490533,2.7600000000000477
2019-01-14,2.7600000000000477,2.7600000000000477,2.7600000000000477,0.0,0.0,97.23,1.6384691657490533,2.7600000000000477
2019-01-15,2.7600000000000477,2.7600000000000477,2.7600000000000477,0.0,0.0,97.23,1.6384691657490533,2.7600000000000477
2019-01-16,2.75958333333338,2.740000000000009,2.7600000000000477,0.020000000000038654,0.0,97.22958333333334,1.6384691657490533,2.7600000000000477
2019-01-17,2.476875000000021,-0.17999999999994998,5.360000000000014,5.539999999999964,0.09583333333333333,97.30125,1.9741544704504235,3.2900000000000205
2019-01-18,-0.795624999999981,-3.1200000000000045,1.0299999999999727,4.149999999999977,0.0020833333333333333,98.86874999999999,-1.4321386118860207,-2.339999999999975
2019-01-19,-0.9877083333333173,-3.519999999999982,0.4800000000000182,4.0,0.0,99.08270833333334,-0.3552342087874703,-0.6099999999999568
2019-01-20,-4.058333333333315,-6.600000000000023,-2.1399999999999864,4.460000000000036,0.0,99.10395833333332,-3.6396516436267214,-5.829999999999984
2019-01-21,-3.593749999999986,-5.560000000000002,-0.8599999999999568,4.7000000000000455,0.0,99.24062500000001,-2.8619558892227857,-4.829999999999984
2019-01-22,-6.372083333333314,-7.7099999999999795,-2.769999999999982,4.939999999999998,0.0,98.25375000000001,-4.731833057772211,-7.7099999999999795
2019-01-23,-7.70312499999998,-7.7099999999999795,-7.3799999999999955,0.3299999999999841,0.0,98.01020833333332,-4.731833057772211,-7.7099999999999795
2019-01-24,-5.380208333333317,-6.92999999999995,-4.399999999999977,2.5299999999999727,0.0,98.32833333333333,-2.962575382203239,-4.9599999999999795
2019-01-25,-2.788749999999972,-5.859999999999957,-1.579999999999984,4.279999999999973,0.0,98.09937500000001,-1.001425575148457,-1.6499999999999773
2019-01-26,2.295416666666682,-1.6899999999999977,4.089999999999975,5.779999999999973,0.22708333333333333,97.44229166666668,1.343036811556349,2.1299999999999955
2019-01-27,3.7237500000000203,2.4600000000000364,5.580000000000041,3.1200000000000045,0.03958333333333334,96.12229166666667,1.8983299082986749,3.1000000000000227
2019-01-28,-0.24499999999998914,-1.25,2.4600000000000364,3.7100000000000364,0.0,96.825625,-0.7782590867821251,-1.25
2019-01-29,0.015625000000017764,-1.3899999999999864,1.5600000000000023,2.9499999999999886,0.0,97.55333333333334,-0.12473349730079396,-0.19999999999998863
2019-01-30,-1.3997916666666537,-3.2999999999999545,0.7100000000000364,4.009999999999991,0.0,96.96958333333333,-1.493677387925169,-2.4599999999999795
2019-01-31,0.09958333333334224,-2.1000000000000227,2.2600000000000477,4.3600000000000705,0.0,97.05541666666666,-0.03550418261614127,-0.060000000000002274
2019-02-01,-1.3083333333333336,-2.1000000000000227,-1.009999999999991,1.0900000000000318,0.0,96.73395833333335,-0.620981719649355,-1.009999999999991
2019-02-02,-0.9377083333333202,-1.4599999999999795,-0.5600000000000023,0.8999999999999773,0.012500000000000002,97.096875,-0.5229472717518375,-0.8299999999999841
2019-02-03,-0.4797916666666519,-1.410000000000025,0.6499999999999773,2.0600000000000023,0.0,98.77916666666665,-0.5159319967898015,-0.8299999999999841
2019-02-04,0.9729166666666854,-1.2999999999999545,3.580000000000041,4.8799999999999955,0.0,99.77166666666666,-0.14434007811293703,-0.23999999999995225
2019-02-05,1.7272916666666802,1.1499999999999773,2.3000000000000114,1.150000000000034,0.0,99.79312499999999,0.8935722989984489,1.4800000000000182
2019-02-06,2.930625000000011,0.2300000000000182,6.020000000000039,5.7900000000000205,0.0,99.46854166666667,0.5587461650400095,0.9200000000000159
2019-02-07,4.3335416666666875,2.6299999999999955,6.220000000000027,3.590000000000032,0.0,98.33854166666667,2.263791106505802,4.210000000000036
2019-02-08,4.963750000000015,2.3500000000000227,6.610000000000014,4.259999999999991,0.0,98.35604166666667,2.5504470199829004,4.310000000000002
2019-02-09,6.53145833333335,4.460000000000036,9.110000000000014,4.649999999999977,0.006250000000000001,97.64041666666667,4.1216274803703925,7.180000000000007
2019-02-10,3.3302083333333505,2.1200000000000045,5.490000000000009,3.3700000000000045,0.44166666666666665,96.96020833333334,1.5771882740033942,2.5400000000000205
2019-02-11,3.104166666666688,1.2100000000000364,5.2000000000000455,3.990000000000009,0.03541666666666667,98.28583333333334,2.2300827779568504,3.6899999999999977
2019-02-12,2.6635416666666827,0.8999999999999773,4.580000000000041,3.6800000000000637,0.0,100.06916666666666,1.1130255619692135,1.839999999999975
2019-02-13,4.374166666666688,3.080000000000041,4.860000000000014,1.7799999999999727,0.0,100.56479166666666,2.927060780409065,4.860000000000014
2019-02-14,6.913750000000018,3.1899999999999977,11.07000000000005,7.880000000000052,0.0,100.676875,2.8886728328538833,4.939999999999998
2019-02-15,10.630000000000015,8.089999999999975,13.850000000000023,5.760000000000048,0.0,100.41770833333334,5.069427766407949,10.399999999999977
2019-02-16,11.849791666666675,8.779999999999973,14.79000000000002,6.010000000000048,0.0,99.749375,6.455474600600298,13.140000000000043
2019-02-17,10.856458333333352,7.930000000000007,14.230000000000018,6.300000000000011,0.0,99.481875,5.630818084186819,10.57000000000005
2019-02-18,11.449375000000012,9.399999999999977,14.200000000000045,4.800000000000068,0.0,99.01541666666667,5.860961669573676,11.310000000000002
2019-02-19,7.0500000000000105,4.550000000000011,9.54000000000002,4.990000000000009,0.020833333333333332,98.81541666666668,3.9759364143211755,6.75
2019-02-20,6.229791666666684,4.149999999999977,8.510000000000048,4.3600000000000705,0.0,99.35875,3.2628671207219733,5.510000000000048
2019-02-21,7.575000000000017,5.760000000000048,9.670000000000016,3.909999999999968,0.010416666666666666,99.63166666666666,4.2669955481646324,7.230000000000018
2019-02-22,3.1804166666666838,-1.509999999999991,7.57000000000005,9.080000000000041,0.016666666666666666,100.84104166666667,2.288638357035791,3.640000000000043
2019-02-23,-0.11354166666664867,-3.9399999999999977,3.3700000000000045,7.310000000000002,0.0,101.28145833333333,-1.5791496510190377,-2.6499999999999773
2019-02-24,7.48437500000002,0.7300000000000182,12.140000000000043,11.410000000000025,0.0,100.986875,2.6790466620315168,5.020000000000039
2019-02-25,10.66187500000001,7.939999999999998,14.060000000000002,6.1200000000000045,0.0,100.86062500000001,4.869138198007755,9.670000000000016
2019-02-26,9.917708333333348,5.730000000000018,13.700000000000045,7.970000000000027,0.0,100.50395833333333,3.800735992992861,7.110000000000014
2019-02-27,12.19812500000001,8.129999999999995,16.420000000000016,8.29000000000002,0.0,99.67833333333334,5.5090421058225525,10.800000000000011
2019-02-28,8.688125000000015,6.300000000000011,11.060000000000002,4.759999999999991,0.0,98.48291666666667,4.346211124756678,7.510000000000048
2019-03-01,5.362708333333348,2.6899999999999977,7.610000000000014,4.920000000000016,0.010416666666666666,98.47812499999999,4.378125805747987,6.970000000000027
2019-03-02,3.962916666666679,2.2900000000000205,5.970000000000027,3.680000000000007,0.0,98.618125,1.6187488041514644,2.7799999999999727
2019-03-03,9.417708333333351,6.32000000000005,10.54000000000002,4.21999999999997,0.004166666666666667,97.76083333333334,5.503844544292684,9.470000000000027
2019-03-04,8.439375000000018,5.07000000000005,13.520000000000039,8.449999999999989,0.06875,96.56041666666665,7.1838713068329305,13.260000000000048
2019-03-05,4.518750000000018,2.8500000000000227,6.460000000000036,3.6100000000000136,0.0625,97.58833333333332,3.1271051346749545,5.420000000000016
2019-03-06,6.917500000000011,2.089999999999975,10.939999999999998,8.850000000000023,0.010416666666666666,97.76020833333332,2.7281986324361727,4.550000000000011
2019-03-07,9.58500000000001,7.029999999999973,13.450000000000045,6.420000000000073,0.004166666666666667,96.85854166666667,6.733503842812681,12.29000000000002
2019-03-08,5.42020833333336,4.7000000000000455,7.339999999999975,2.6399999999999295,0.0,98.04979166666668,2.736793374547579,4.7000000000000455
2019-03-09,6.408541666666683,3.3600000000000136,11.850000000000023,8.490000000000009,0.13125,97.84541666666667,4.388471561985301,7.520000000000039
2019-03-10,1.1710416666666805,0.29000000000002046,3.3600000000000136,3.069999999999993,0.0,98.17041666666667,0.22619260986502357,0.36000000000001364
2019-03-11,1.6797916666666854,0.029999999999972715,3.4399999999999977,3.410000000000025,0.060416666666666674,98.43020833333333,1.412458760291406,2.3999999999999773
2019-03-12,4.862291666666679,1.660000000000025,7.060000000000002,5.399999999999977,0.0,98.55291666666666,2.410234091886251,4.170000000000016
2019-03-13,5.063125000000016,4.100000000000023,6.9500000000000455,2.8500000000000227,0.0062499999999999995,97.32916666666667,2.6894576116333244,4.3700000000000045
2019-03-14,4.646875000000018,3.5,5.740000000000009,2.240000000000009,0.11458333333333333,97.06875000000001,3.2128691348418252,5.4500000000000455
2019-03-15,5.279791666666703,4.980000000000018,5.430000000000007,0.44999999999998863,0.0,97.40875,3.109629216871467,5.390000000000043
2019-03-16,6.269166666666684,2.8600000000000136,9.470000000000027,6.610000000000014,0.06874999999999999,97.714375,2.1359767253250572,3.5
2019-03-17,6.401458333333348,2.7700000000000387,9.779999999999973,7.009999999999934,0.060416666666666674,97.36166666666666,5.408212177317307,9.450000000000045
2019-03-18,2.020000000000041,1.2900000000000205,3.410000000000025,2.1200000000000045,0.0,98.92500000000001,0.9252031684587302,1.5100000000000477
2019-03-19,3.863750000000009,1.330000000000041,6.6299999999999955,5.2999999999999545,0.004166666666666667,99.81958333333334,1.737335071778551,2.839999999999975
2019-03-20,7.436041666666683,2.8799999999999955,11.04000000000002,8.160000000000025,0.0,100.42354166666667,3.6619237078487874,6.580000000000041
2019-03-21,10.321458333333352,7.5400000000000205,14.25,6.7099999999999795,0.0,100.52541666666667,5.155606288184658,8.720000000000027
2019-03-22,11.141041666666686,7.57000000000005,15.75,8.17999999999995,0.0,100.278125,5.898459908610057,9.75
2019-03-23,9.285833333333352,5.220000000000027,13.390000000000043,8.170000000000016,0.0,99.95875,6.357890378329482,10.629999999999995
2019-03-24,5.48500000000002,2.2000000000000455,9.0,6.7999999999999545,0.0,99.67604166666666,3.6355813760500073,6.300000000000011
2019-03-25,3.69229166666668,2.080000000000041,6.160000000000025,4.079999999999984,0.05833333333333333,98.95333333333333,2.3820447971268046,4.020000000000039
2019-03-26,4.116458333333348,1.57000000000005,5.810000000000002,4.239999999999952,0.014583333333333332,99.81145833333333,2.5065233972488516,4.240000000000009
2019-03-27,6.430625000000016,3.7000000000000455,9.080000000000041,5.3799999999999955,0.01875,100.243125,3.275344731849828,5.339999999999975
2019-03-28,8.238333333333351,6.060000000000002,10.680000000000007,4.6200000000000045,0.016666666666666666,100.54333333333334,4.652240287412349,7.490000000000009
2019-03-29,10.080833333333354,7.970000000000027,13.850000000000023,5.8799999999999955,0.0,100.28604166666666,5.86563116680133,9.950000000000045
2019-03-30,12.86750000000002,7.25,17.04000000000002,9.79000000000002,0.0,99.388125,6.792275339013586,12.200000000000045
2019-03-31,6.482708333333342,1.7100000000000364,10.689999999999998,8.979999999999961,0.0,99.58729166666666,4.079696127004533,6.8799999999999955
2019-04-01,5.055625000000017,0.26000000000004775,9.600000000000023,9.339999999999975,0.0,99.5775,2.7642823400979535,5.180000000000007
2019-04-02,8.575416666666682,1.2000000000000455,13.29000000000002,12.089999999999975,0.0,98.22395833333333,4.414418552700294,8.149999999999977
2019-04-03,11.215000000000012,5.110000000000014,13.689999999999998,8.579999999999984,0.020833333333333332,97.48145833333332,6.92441350279556,12.060000000000002
2019-04-04,6.222916666666685,3.589999999999975,8.730000000000018,5.140000000000043,0.0,97.25125000000001,3.4988301640711645,5.57000000000005
2019-04-05,6.7277083333333465,5.860000000000014,8.279999999999973,2.419999999999959,0.0,97.84729166666666,4.032174158086663,6.460000000000036
2019-04-06,11.944375000000017,5.410000000000025,18.870000000000005,13.45999999999998,0.0,97.93229166666667,6.197563616386345,10.270000000000039
2019-04-07,13.200625000000016,8.300000000000011,17.680000000000007,9.379999999999995,0.0,98.01125,7.741893909246779,13.920000000000016
2019-04-08,12.006458333333347,3.5500000000000114,17.879999999999995,14.329999999999984,0.0,98.27999999999999,7.863799023589978,14.529999999999973
2019-04-09,5.527916666666681,1.4800000000000182,10.779999999999973,9.299999999999955,0.0,98.665,3.7918831763435534,6.580000000000041
2019-04-10,4.199166666666687,-0.6499999999999773,8.29000000000002,8.939999999999998,0.0,98.96791666666667,2.996915739427271,5.270000000000039
2019-04-11,2.9197916666666814,1.080000000000041,4.7900000000000205,3.7099999999999795,0.0,99.58437500000001,2.2434024029332287,4.020000000000039
2019-04-12,0.985000000000016,-0.13999999999998636,2.589999999999975,2.7299999999999613,0.0,99.72895833333332,0.8504411218002942,1.4500000000000455
2019-04-13,1.6172916666666914,-0.6200000000000045,4.089999999999975,4.7099999999999795,0.03333333333333333,99.55895833333334,1.4130981396651536,2.390000000000043
2019-04-14,2.2287500000000073,-1.0699999999999932,5.220000000000027,6.2900000000000205,0.024999999999999998,99.75583333333333,0.8846175791973859,1.420000000000016
2019-04-15,6.592500000000018,1.7799999999999727,11.810000000000002,10.03000000000003,0.0,99.78895833333333,3.8253637092552593,6.730000000000018
2019-04-16,8.26083333333335,0.6299999999999955,14.020000000000039,13.390000000000043,0.0,99.40791666666667,4.944174050910514,9.270000000000039
2019-04-17,10.940000000000012,4.5,16.04000000000002,11.54000000000002,0.0,99.80458333333333,6.199952675557629,12.110000000000014
2019-04-18,13.55875000000002,7.300000000000011,18.879999999999995,11.579999999999984,0.0,100.12166666666667,7.939313913270053,15.07000000000005
2019-04-19,14.850625000000017,9.060000000000002,20.510000000000048,11.450000000000045,0.0,100.34645833333333,8.755080354776913,16.57000000000005
2019-04-20,14.16395833333335,8.470000000000027,19.58000000000004,11.110000000000014,0.0,100.15166666666666,8.094715363353384,15.310000000000002
2019-04-21,14.45479166666668,8.07000000000005,19.649999999999977,11.579999999999927,0.0,99.40479166666667,8.183748567939304,15.54000000000002
2019-04-22,12.792500000000018,8.830000000000041,17.379999999999995,8.549999999999955,0.0,98.695,7.971610998543756,15.57000000000005
2019-04-23,12.849791666666684,8.07000000000005,17.180000000000007,9.109999999999957,0.0,97.840625,7.783140101525703,14.5
2019-04-24,15.469583333333352,9.720000000000027,22.089999999999975,12.369999999999948,0.07708333333333334,97.72479166666666,9.151485351694054,16.399999999999977
2019-04-25,16.790416666666683,9.240000000000009,22.0,12.759999999999991,0.0,98.22895833333332,9.060990268860536,17.27000000000004
2019-04-26,11.599791666666684,7.980000000000018,16.870000000000005,8.889999999999986,0.15416666666666667,98.315,8.672823579574827,15.220000000000027
2019-04-27,10.200208333333348,6.300000000000011,15.689999999999998,9.389999999999986,0.09166666666666667,98.49708333333332,7.929844395193297,14.550000000000011
2019-04-28,8.622500000000011,5.839999999999975,11.800000000000011,5.960000000000036,0.13749999999999998,99.06833333333333,4.876821970748485,8.100000000000023
2019-04-29,7.772083333333346,4.4500000000000455,10.480000000000018,6.029999999999973,0.06041666666666667,99.21749999999999,4.347002975415534,6.910000000000025
2019-04-30,11.258750000000019,3.3500000000000227,16.850000000000023,13.5,0.0,99.07916666666667,6.399742387450135,11.670000000000016
2019-05-01,11.112291666666685,6.3799999999999955,16.110000000000014,9.730000000000018,0.0020833333333333333,98.58104166666668,6.552605565098692,11.310000000000002
2019-05-02,8.038333333333348,5.210000000000036,12.470000000000027,7.259999999999991,0.06250000000000001,98.00708333333334,4.42929124306769,7.310000000000002
2019-05-03,6.1925000000000106,3.5600000000000023,8.189999999999998,4.6299999999999955,0.004166666666666667,98.11229166666668,3.9376572209054506,7.180000000000007
2019-05-04,3.691250000000011,1.3799999999999955,7.529999999999973,6.149999999999977,0.0375,98.06374999999998,2.9079148679748443,5.080000000000041
2019-05-05,5.251250000000014,0.029999999999972715,9.050000000000011,9.020000000000039,0.0020833333333333333,98.89125,3.4384429248132524,6.460000000000036
2019-05-06,5.647291666666681,1.4800000000000182,9.310000000000002,7.829999999999984,0.01875,99.01729166666667,4.114995650546857,7.410000000000025
2019-05-07,7.020208333333351,3.3700000000000045,10.57000000000005,7.2000000000000455,0.004166666666666667,98.90458333333333,3.8181408337049954,6.960000000000036
2019-05-08,9.396666666666684,5.300000000000011,13.180000000000007,7.8799999999999955,0.08541666666666668,97.695625,6.52413041637345,11.980000000000018
2019-05-09,12.13229166666668,8.870000000000005,16.27000000000004,7.400000000000034,0.0020833333333333333,97.248125,6.940112915668716,12.200000000000045
2019-05-10,10.894166666666683,8.5,13.860000000000014,5.360000000000014,0.0,98.09541666666667,6.907858643970438,12.080000000000041
2019-05-11,7.386666666666684,5.420000000000016,8.420000000000016,3.0,0.14791666666666667,98.74895833333333,4.897835593699704,7.830000000000041
2019-05-12,8.230416666666683,3.230000000000018,13.330000000000041,10.100000000000023,0.0,100.20583333333333,5.4032625764705,9.689999999999998
2019-05-13,8.51333333333334,2.490000000000009,13.629999999999995,11.139999999999986,0.0,100.73208333333334,5.6558537420647825,10.54000000000002
2019-05-14,7.842500000000015,3.1100000000000136,11.860000000000014,8.75,0.0,100.34895833333333,5.106075417066895,9.149999999999977
2019-05-15,8.346666666666684,2.0,12.640000000000043,10.640000000000043,0.0,99.72583333333334,5.183790744130598,9.810000000000002
2019-05-16,6.877291666666686,4.720000000000027,8.230000000000018,3.509999999999991,0.15,98.850625,3.7233297051857566,5.899999999999977
2019-05-17,11.062500000000016,5.8700000000000045,15.450000000000045,9.580000000000041,0.0020833333333333333,98.274375,6.214996031843287,10.140000000000043
2019-05-18,15.002500000000019,9.720000000000027,18.430000000000007,8.70999999999998,0.0,97.97125,8.480953101525747,15.0
2019-05-19,18.392500000000013,13.689999999999998,22.99000000000001,9.300000000000011,0.0,97.74041666666666,10.816494585886854,19.660000000000025
2019-05-20,15.953541666666686,12.339999999999975,21.310000000000002,8.970000000000027,0.18958333333333333,97.559375,10.630240778418278,18.170000000000016
2019-05-21,14.514375000000015,11.050000000000011,19.189999999999998,8.139999999999986,0.0020833333333333333,97.989375,9.87821863780274,16.710000000000036
2019-05-22,10.970208333333355,9.54000000000002,12.990000000000009,3.4499999999999886,0.0,98.83791666666667,6.516587933931255,10.710000000000036
2019-05-23,14.186666666666682,9.0,18.05000000000001,9.050000000000011,0.0,99.02916666666665,7.436349743162873,14.220000000000027
2019-05-24,16.51541666666668,11.020000000000039,20.860000000000014,9.839999999999975,0.0,98.61770833333333,9.785061680936808,17.899999999999977
2019-05-25,10.742291666666683,8.220000000000027,12.82000000000005,4.600000000000023,0.0,98.82916666666667,6.309028252792744,10.560000000000002
2019-05-26,15.562708333333353,8.910000000000025,19.399999999999977,10.489999999999952,0.0,98.42083333333333,9.22869512548536,16.670000000000016
2019-05-27,15.512500000000017,13.300000000000011,17.560000000000002,4.259999999999991,0.0020833333333333333,98.00354166666666,9.044995789696573,15.060000000000002
2019-05-28,12.450625000000016,10.060000000000002,15.930000000000007,5.8700000000000045,0.010416666666666666,98.10729166666665,7.920036212277737,14.140000000000043
2019-05-29,10.120625000000032,10.020000000000039,10.200000000000045,0.18000000000000682,0.0,99.395,5.705450602250356,10.140000000000043
2019-05-30,15.168125000000018,9.089999999999975,19.04000000000002,9.950000000000045,0.0,99.52958333333333,9.629263749673463,18.060000000000002
2019-05-31,17.70250000000002,13.950000000000045,21.350000000000023,7.399999999999977,0.006250000000000001,99.55375,9.33091339605803,15.0
2019-06-01,20.259166666666683,15.75,24.089999999999975,8.339999999999975,0.0,99.34729166666666,11.381210636716949,20.189999999999998
2019-06-02,23.61958333333335,15.860000000000014,28.77000000000004,12.910000000000025,0.0,98.86958333333332,13.69510421166284,25.760000000000048
2019-06-03,21.91625000000002,16.460000000000036,29.310000000000002,12.849999999999966,0.02291666666666667,98.60645833333332,14.566466835589145,28.29000000000002
2019-06-04,22.221250000000015,16.720000000000027,26.589999999999975,9.869999999999948,0.0,98.40625,12.476562794401174,21.74000000000001
2019-06-05,25.707708333333354,20.30000000000001,30.77000000000004,10.470000000000027,0.0,98.00583333333333,14.72542912519827,27.980000000000018
2019-06-06,16.392291666666683,12.589999999999975,20.700000000000045,8.11000000000007,0.012499999999999999,98.32520833333332,11.191421164173315,19.470000000000027
2019-06-07,17.01687500000002,12.310000000000002,22.120000000000005,9.810000000000002,0.18333333333333335,98.61104166666667,9.331261719103255,16.850000000000023
2019-06-08,14.883958333333352,11.930000000000007,18.010000000000048,6.080000000000041,0.043750000000000004,99.20333333333333,8.602220286869878,16.010000000000048
2019-06-09,17.421875000000014,12.350000000000023,21.27000000000004,8.920000000000016,0.0,99.45166666666667,9.538887026099761,17.980000000000018
2019-06-10,19.799791666666685,15.529999999999973,24.399999999999977,8.870000000000005,0.0,98.49874999999999,10.90077529517099,18.710000000000036
2019-06-11,18.37333333333336,14.950000000000045,21.100000000000023,6.149999999999977,1.0875000000000001,98.315625,11.10593174832419,18.82000000000005
2019-06-12,13.801041666666704,13.279999999999973,14.950000000000045,1.6700000000000728,1.6270833333333332,98.60583333333334,8.33507397320827,13.460000000000036
2019-06-13,17.96895833333335,12.890000000000043,23.07000000000005,10.180000000000007,0.07500000000000001,98.711875,10.596245209856908,19.200000000000045
2019-06-14,22.222083333333355,15.75,26.200000000000045,10.450000000000045,0.008333333333333333,98.86208333333333,12.64796122609179,22.950000000000045
2019-06-15,20.758958333333354,15.100000000000023,26.149999999999977,11.049999999999955,0.0,98.44083333333333,14.559940392735625,25.720000000000027
2019-06-16,16.204375000000017,13.610000000000014,18.399999999999977,4.789999999999964,0.09791666666666665,99.29729166666668,10.06714824763242,16.82000000000005
2019-06-17,20.431666666666683,15.420000000000016,24.360000000000014,8.939999999999998,0.0,99.33375000000001,11.55856972585212,20.399999999999977
2019-06-18,23.095625000000016,17.810000000000002,26.860000000000014,9.050000000000011,0.0,98.79333333333334,13.042502238708883,24.029999999999973
2019-06-19,22.80437500000002,16.29000000000002,29.760000000000048,13.470000000000027,0.06458333333333334,98.195625,14.128248101110046,25.680000000000007
2019-06-20,18.95270833333335,15.230000000000018,22.910000000000025,7.680000000000007,0.08750000000000001,98.42333333333333,11.817970885757118,20.390000000000043
2019-06-21,17.33187500000002,13.310000000000002,20.230000000000018,6.920000000000016,0.0,99.090625,10.38439553610023,18.05000000000001
2019-06-22,18.157083333333347,12.100000000000023,23.089999999999975,10.989999999999952,0.0,99.38354166666666,10.829790439362544,19.260000000000048
2019-06-23,19.958541666666687,12.930000000000007,25.620000000000005,12.689999999999998,0.0,99.43583333333333,11.57058308513433,21.029999999999973
2019-06-24,22.43791666666668,15.779999999999973,27.07000000000005,11.290000000000077,0.0,99.53541666666666,12.521971243339737,23.54000000000002
2019-06-25,26.541458333333342,20.110000000000014,31.200000000000045,11.090000000000032,0.0,99.33208333333333,14.427137226281545,26.700000000000045
2019-06-26,19.01916666666669,14.330000000000041,27.79000000000002,13.45999999999998,0.0,99.56520833333333,9.882103239495438,16.54000000000002
2019-06-27,15.90958333333335,12.279999999999973,21.07000000000005,8.790000000000077,0.0,99.75375000000001,9.38321012434839,16.77000000000004
2019-06-28,16.847708333333347,11.939999999999998,21.100000000000023,9.160000000000025,0.0,99.69625,8.544639914392064,15.010000000000048
2019-06-29,23.768333333333356,17.470000000000027,29.170000000000016,11.699999999999989,0.0,99.25229166666666,12.0994180319859,22.960000000000036
2019-06-30,27.41166666666668,18.629999999999995,33.54000000000002,14.910000000000025,0.0,98.59645833333333,15.297073165095798,30.779999999999973
2019-07-01,19.577500000000015,13.410000000000025,23.710000000000036,10.300000000000011,0.0,98.81041666666665,11.684684087650451,20.79000000000002
2019-07-02,15.276875000000024,11.32000000000005,18.5,7.17999999999995,0.0,99.28541666666666,9.232926490608776,16.58000000000004
2019-07-03,13.80125000000001,9.379999999999995,17.589999999999975,8.20999999999998,0.0,99.55291666666666,8.456950483474568,15.520000000000039
2019-07-04,15.235416666666685,9.129999999999995,19.5,10.370000000000005,0.0,99.40166666666666,8.19048123578031,14.960000000000036
2019-07-05,17.448750000000018,14.189999999999998,20.920000000000016,6.730000000000018,0.0,98.73770833333333,9.987547755733138,17.629999999999995
2019-07-06,16.74437500000002,11.360000000000014,22.54000000000002,11.180000000000007,0.14791666666666667,98.22770833333334,10.773729994343157,19.260000000000048
2019-07-07,12.90270833333335,9.480000000000018,16.480000000000018,7.0,0.0,98.493125,7.523130104898917,12.82000000000005
2019-07-08,12.005833333333351,7.930000000000007,15.0,7.069999999999993,0.0,98.87083333333334,7.579420608395162,13.350000000000023
2019-07-09,12.149583333333348,9.399999999999977,15.020000000000039,5.620000000000061,0.0020833333333333333,99.07083333333333,7.566514193126421,12.950000000000045
2019-07-10,14.879375000000012,9.350000000000023,19.010000000000048,9.660000000000025,0.0,99.03125,8.453460727694221,15.07000000000005
2019-07-11,16.592083333333353,12.800000000000011,19.560000000000002,6.759999999999991,0.008333333333333333,98.57625,9.56413220130753,17.07000000000005
2019-07-12,15.967083333333354,13.830000000000041,19.689999999999998,5.859999999999957,0.16041666666666668,98.33666666666666,10.958987610201206,18.970000000000027
2019-07-13,15.40729166666668,12.670000000000016,20.32000000000005,7.650000000000034,0.0375,98.71354166666667,9.459396118961154,15.420000000000016
2019-07-14,13.701250000000021,11.720000000000027,15.279999999999973,3.5599999999999454,0.0,99.02208333333334,8.430355667337263,14.180000000000007
2019-07-15,12.97583333333335,11.270000000000039,14.420000000000016,3.1499999999999773,0.0,98.97833333333334,7.699490875419185,13.110000000000014
2019-07-16,13.280833333333348,10.670000000000016,15.720000000000027,5.050000000000011,0.0020833333333333333,98.87854166666666,8.271656890835422,13.75
2019-07-17,17.060625000000016,11.830000000000041,21.390000000000043,9.560000000000002,0.0,98.70541666666666,9.39874222959633,16.649999999999977
2019-07-18,20.478958333333352,14.990000000000009,24.25,9.259999999999991,0.0,98.45291666666667,11.518792012335469,21.680000000000007
2019-07-19,19.60979166666668,16.370000000000005,23.0,6.6299999999999955,0.012499999999999999,98.63041666666668,10.963471880554412,18.860000000000014
2019-07-20,21.551250000000014,15.990000000000009,28.610000000000014,12.620000000000005,0.09375,98.60958333333333,13.249644760798981,24.720000000000027
2019-07-21,19.802500000000016,16.110000000000014,23.399999999999977,7.289999999999964,0.0,99.19083333333333,11.791449371183615,20.480000000000018
2019-07-22,20.99812500000002,15.870000000000005,24.149999999999977,8.279999999999973,0.0,99.49854166666667,12.112727853510352,21.82000000000005
2019-07-23,25.045625000000015,18.82000000000005,30.210000000000036,11.389999999999986,0.0,99.36520833333333,13.989894348374321,25.339999999999975
2019-07-24,25.282083333333347,24.450000000000045,25.589999999999975,1.1399999999999295,0.0,99.09854166666668,13.389010052567155,25.560000000000002
2019-07-25,27.845416666666683,20.75,33.629999999999995,12.879999999999995,0.0,98.97458333333333,15.6320382333422,30.670000000000016
2019-07-26,23.37770833333335,17.399999999999977,29.04000000000002,11.640000000000043,0.0,98.53770833333334,14.095024215115208,25.810000000000002
2019-07-27,22.170000000000016,17.700000000000045,26.279999999999973,8.579999999999927,0.0,97.82041666666667,12.916445986768638,24.149999999999977
2019-07-28,23.45229166666668,16.430000000000007,28.58000000000004,12.150000000000034,0.0,97.55416666666667,13.310899051735511,23.960000000000036
2019-07-29,19.75895833333335,18.04000000000002,20.730000000000018,2.6899999999999977,0.008333333333333333,98.27229166666666,11.64977223594165,18.850000000000023
2019-07-30,20.32062500000003,19.74000000000001,20.52000000000004,0.7800000000000296,0.0,98.51729166666667,12.01638589981367,20.52000000000004
2019-07-31,18.85458333333334,15.370000000000005,22.149999999999977,6.779999999999973,0.12708333333333333,98.79020833333334,11.588154534638377,19.420000000000016
2019-08-01,19.509375000000016,14.960000000000036,22.680000000000007,7.71999999999997,0.0,98.911875,11.31471088880304,20.350000000000023
2019-08-02,18.851666666666684,14.230000000000018,22.710000000000036,8.480000000000018,0.24791666666666665,98.69604166666666,11.88345344175149,21.620000000000005
2019-08-03,17.692708333333353,14.120000000000005,22.610000000000014,8.490000000000009,0.09791666666666667,98.78250000000001,11.344128110211047,19.660000000000025
2019-08-04,18.007500000000018,13.899999999999977,20.939999999999998,7.0400000000000205,0.0,98.87270833333334,10.30612267232607,18.060000000000002
2019-08-05,19.791875000000015,15.629999999999995,25.140000000000043,9.510000000000048,0.21875,98.38541666666667,10.836869798195838,18.600000000000023
2019-08-06,21.002083333333346,17.680000000000007,24.24000000000001,6.560000000000002,0.0,98.22458333333333,12.776091387616614,22.960000000000036
2019-08-07,17.765833333333365,16.950000000000045,20.430000000000007,3.4799999999999613,0.0,98.17125,9.783570732460186,16.950000000000045
2019-08-08,19.78020833333335,15.629999999999995,23.860000000000014,8.230000000000018,0.0,98.35541666666667,11.452093602725881,20.850000000000023
2019-08-09,21.688125000000014,15.560000000000002,27.110000000000014,11.550000000000011,0.0020833333333333333,98.35416666666667,12.25502079796712,22.27000000000004
2019-08-10,21.31520833333335,18.08000000000004,24.02000000000004,5.939999999999998,0.0,98.40375,12.337342726989833,22.629999999999995
2019-08-11,20.71541666666668,14.270000000000039,25.689999999999998,11.419999999999959,0.03333333333333333,98.70666666666666,11.923112191259847,22.560000000000002
2019-08-12,17.586666666666684,13.670000000000016,22.75,9.079999999999984,0.014583333333333332,98.70520833333335,10.697525013614777,19.660000000000025
2019-08-13,15.01333333333335,11.920000000000016,18.760000000000048,6.840000000000032,0.0,98.84791666666666,9.231827304628961,16.5
2019-08-14,15.86937500000002,10.930000000000007,19.950000000000045,9.020000000000039,0.0,98.939375,8.854560045054507,16.07000000000005
2019-08-15,15.871875000000019,13.310000000000002,20.100000000000023,6.7900000000000205,0.0375,98.45895833333333,8.586361565328849,14.300000000000011
2019-08-16,17.31562500000001,13.560000000000002,20.629999999999995,7.069999999999993,0.0,98.79354166666667,9.719650973125571,17.279999999999973
2019-08-17,18.996458333333347,14.870000000000005,23.55000000000001,8.680000000000007,0.010416666666666666,98.24645833333334,10.926719460139447,19.149999999999977
2019-08-18,18.044166666666687,15.180000000000007,24.170000000000016,8.990000000000009,0.24583333333333335,98.08791666666667,11.717625421173686,19.760000000000048
2019-08-19,17.95229166666668,14.510000000000048,21.07000000000005,6.560000000000002,0.0,98.90062499999999,10.020188380358832,18.350000000000023
2019-08-20,17.806041666666683,14.839999999999975,20.589999999999975,5.75,0.0,99.46604166666667,10.576192595669617,19.160000000000025
2019-08-21,17.003125000000008,15.830000000000041,17.5,1.669999999999959,0.0,99.97854166666667,9.198995444014756,17.379999999999995
2019-08-22,20.588541666666682,15.670000000000016,24.710000000000036,9.04000000000002,0.0,99.87833333333333,11.24865454486378,21.58000000000004
2019-08-23,22.67541666666668,17.970000000000027,27.02000000000004,9.050000000000011,0.0,99.78416666666668,12.238132575329661,23.899999999999977
2019-08-24,22.48666666666668,16.839999999999975,27.25,10.410000000000025,0.0,99.51937500000001,12.780685949678716,23.54000000000002
2019-08-25,22.93062500000001,21.480000000000018,23.430000000000007,1.9499999999999886,0.0,99.31,12.912039790002884,23.430000000000007
2019-08-26,24.883750000000017,19.58000000000004,30.170000000000016,10.589999999999975,0.0,99.18520833333334,14.481637435128322,26.870000000000005
2019-08-27,23.703750000000017,19.30000000000001,29.450000000000045,10.150000000000034,0.05416666666666667,98.95687500000001,14.619656028343448,26.360000000000014
2019-08-28,24.72625000000001,21.140000000000043,29.77000000000004,8.629999999999995,0.006250000000000001,98.72666666666667,15.532182672942803,29.089999999999975
2019-08-29,22.160416666666688,19.79000000000002,25.450000000000045,5.660000000000025,0.010416666666666666,99.11083333333333,12.732616170555625,22.939999999999998
2019-08-30,22.30750000000002,19.379999999999995,26.58000000000004,7.2000000000000455,0.0,99.41875,12.814358857944821,22.52000000000004
2019-08-31,25.660000000000014,19.33000000000004,30.589999999999975,11.259999999999934,0.0,98.67770833333333,14.635599279741074,26.779999999999973
2019-09-01,18.696250000000017,12.960000000000036,23.470000000000027,10.509999999999991,0.0,98.53708333333333,11.785395248792549,20.420000000000016
2019-09-02,14.860833333333348,10.680000000000007,17.839999999999975,7.159999999999968,0.0,99.40270833333334,8.68086229575467,16.02000000000004
2019-09-03,15.351458333333353,11.300000000000011,18.129999999999995,6.829999999999984,0.010416666666666666,99.44833333333334,9.065865816637897,16.720000000000027
2019-09-04,17.798750000000016,12.839999999999975,23.450000000000045,10.61000000000007,0.0020833333333333333,98.76687500000001,10.822205261662496,19.870000000000005
2019-09-05,13.867708333333349,9.04000000000002,17.860000000000014,8.819999999999993,0.0,98.99437499999999,8.88508375495933,16.029999999999973
2019-09-06,13.962291666666681,8.170000000000016,18.760000000000048,10.590000000000032,0.0,99.43604166666667,7.847748530445829,14.5
2019-09-07,14.325833333333355,12.420000000000016,15.960000000000036,3.5400000000000205,0.0,99.04562499999999,8.562215993214288,15.589999999999975
2019-09-08,14.743750000000015,11.600000000000023,17.77000000000004,6.170000000000016,0.0,98.95937500000001,8.56729714157697,15.100000000000023
2019-09-09,11.799166666666673,10.670000000000016,12.860000000000014,2.1899999999999977,0.15,98.59729166666666,7.641578937522586,12.160000000000025
2019-09-10,13.401041666666677,9.149999999999977,17.470000000000027,8.32000000000005,0.0,98.95291666666667,8.006134899937473,14.060000000000002
2019-09-11,15.885833333333347,10.850000000000023,20.75,9.899999999999977,0.0020833333333333333,99.40979166666666,9.635085088056977,18.120000000000005
2019-09-12,17.26812500000002,13.770000000000039,21.339999999999975,7.569999999999936,0.012499999999999999,99.89895833333333,9.88188706272011,15.870000000000005
2019-09-13,16.182291666666682,10.640000000000043,19.560000000000002,8.919999999999959,0.010416666666666666,100.24416666666667,10.467770927531966,17.129999999999995
2019-09-14,13.797291666666675,9.899999999999977,17.879999999999995,7.980000000000018,0.0,100.393125,7.816069525030267,14.029999999999973
2019-09-15,16.637291666666684,11.170000000000016,22.370000000000005,11.199999999999989,0.0,99.33333333333333,9.686792775661797,18.560000000000002
2019-09-16,10.92458333333335,9.529999999999973,13.149999999999977,3.6200000000000045,0.05625,99.19291666666668,6.493609858480622,10.510000000000048
2019-09-17,10.233541666666683,7.510000000000048,14.25,6.739999999999952,0.016666666666666666,98.95458333333333,7.450190356622085,13.010000000000048
2019-09-18,9.551875000000015,6.460000000000036,13.140000000000043,6.680000000000007,0.0020833333333333333,99.59916666666668,6.656757790949686,11.560000000000002
2019-09-19,10.18562500000001,6.160000000000025,13.54000000000002,7.3799999999999955,0.0,100.04208333333334,6.6230033733039155,11.700000000000045
2019-09-20,11.594583333333352,7.189999999999998,15.5,8.310000000000002,0.0,100.00770833333333,6.574581640858549,11.339999999999975
2019-09-21,15.399583333333345,9.770000000000039,20.629999999999995,10.859999999999957,0.0,99.34520833333333,8.626430063796047,16.060000000000002
2019-09-22,17.19875000000002,11.180000000000007,23.279999999999973,12.099999999999966,0.0,98.49437499999999,9.803607319263502,18.230000000000018
2019-09-23,15.262291666666712,15.260000000000048,15.270000000000039,0.009999999999990905,0.0,98.06333333333333,8.774484793761495,15.260000000000048
2019-09-24,15.244791666666712,14.939999999999998,15.260000000000048,0.32000000000005,0.0,97.98791666666666,8.774484793761495,15.260000000000048
2019-09-25,13.703958333333352,12.200000000000045,16.140000000000043,3.9399999999999977,0.09791666666666667,97.93395833333334,8.180386373760415,12.990000000000009
2019-09-26,15.272916666666687,12.080000000000041,19.200000000000045,7.1200000000000045,0.0375,98.31583333333333,9.865403321562676,16.600000000000023
2019-09-27,14.015416666666683,12.589999999999975,16.410000000000025,3.82000000000005,0.23958333333333334,98.23854166666666,8.60306898231134,13.640000000000043
2019-09-28,14.217708333333354,12.450000000000045,17.089999999999975,4.6399999999999295,0.010416666666666666,98.31166666666667,9.268992567912315,16.010000000000048
2019-09-29,14.301041666666679,12.129999999999995,16.200000000000045,4.07000000000005,0.05833333333333333,97.42229166666668,8.099442987951184,13.310000000000002
2019-09-30,12.873125000000021,10.740000000000009,15.080000000000041,4.340000000000032,0.0625,97.63916666666667,7.811964680128528,13.230000000000018
2019-10-01,13.500208333333347,10.5,16.99000000000001,6.490000000000009,0.14375,97.37375000000002,8.359456481566804,13.410000000000025
2019-10-02,8.162500000000017,6.0400000000000205,11.600000000000023,5.560000000000002,0.16041666666666668,97.92270833333333,5.132805264412637,8.439999999999998
2019-10-03,9.03666666666668,7.149999999999977,11.620000000000005,4.470000000000027,0.02916666666666667,98.635,5.9922511897517445,10.149999999999977
2019-10-04,8.021041666666681,6.920000000000016,10.020000000000039,3.1000000000000227,0.36874999999999997,98.04354166666667,5.857471692192099,9.430000000000007
2019-10-05,7.421875000000015,4.960000000000036,10.140000000000043,5.180000000000007,0.010416666666666666,98.77125,4.684469357437539,7.6200000000000045
2019-10-06,4.843958333333351,3.080000000000041,6.930000000000007,3.849999999999966,0.0,99.11625,3.070537147441708,4.850000000000023
2019-10-07,6.23312500000002,1.910000000000025,9.580000000000041,7.670000000000016,0.0,99.080625,3.97623441011814,6.980000000000018
2019-10-08,10.83687500000002,7.810000000000002,12.830000000000041,5.020000000000039,0.027083333333333334,97.97791666666666,6.714641074763935,10.760000000000048
2019-10-09,10.78395833333335,8.04000000000002,13.490000000000009,5.449999999999989,0.04791666666666666,97.91666666666667,7.435095741184797,12.910000000000025
2019-10-10,9.685416666666683,7.760000000000048,11.810000000000002,4.0499999999999545,0.004166666666666667,98.37979166666668,6.294878466142567,10.730000000000018
2019-10-11,12.883333333333349,8.860000000000014,14.930000000000007,6.069999999999993,0.0020833333333333333,98.44666666666666,7.721522541750966,13.120000000000005
2019-10-12,16.338125000000016,13.680000000000007,18.129999999999995,4.449999999999989,0.0,98.28666666666668,9.532732952596476,16.75
2019-10-13,19.32604166666668,15.480000000000018,22.200000000000045,6.720000000000027,0.0,98.390625,11.77437831156711,20.180000000000007
2019-10-14,17.802916666666686,14.629999999999995,20.339999999999975,5.7099999999999795,0.0,98.56041666666665,10.713639905589648,18.08000000000004
2019-10-15,18.46083333333335,14.210000000000036,23.060000000000002,8.849999999999966,0.0,97.90354166666667,11.226191305992662,19.839999999999975
2019-10-16,12.153750000000015,10.170000000000016,14.020000000000039,3.8500000000000227,0.11666666666666668,98.243125,6.440191033844545,10.270000000000039
2019-10-17,13.726250000000014,12.110000000000014,15.580000000000041,3.4700000000000273,0.19166666666666665,98.42916666666667,8.446740491029459,14.210000000000036
2019-10-18,12.508125000000016,9.260000000000048,16.83000000000004,7.569999999999993,0.0020833333333333333,98.19979166666667,8.546511000127301,14.240000000000009
2019-10-19,12.060625000000016,9.410000000000025,14.550000000000011,5.139999999999986,0.0,98.11874999999999,7.230333398435563,12.200000000000045
2019-10-20,13.579791666666678,11.920000000000016,14.850000000000023,2.930000000000007,0.0020833333333333333,98.30729166666667,8.607633082155669,14.29000000000002
2019-10-21,14.779166666666685,11.480000000000018,17.850000000000023,6.3700000000000045,0.0,99.03520833333333,9.18199431071816,15.339999999999975
2019-10-22,11.83187500000002,9.79000000000002,13.240000000000009,3.4499999999999886,0.0,99.60020833333334,7.434370407497076,12.54000000000002
2019-10-23,11.813333333333352,9.120000000000005,15.220000000000027,6.100000000000023,0.0,99.02104166666668,7.310601190458873,12.100000000000023
2019-10-24,11.853958333333345,9.830000000000041,15.670000000000016,5.839999999999975,0.0,98.32166666666666,6.3947986922840565,10.110000000000014
2019-10-25,13.519791666666684,11.529999999999973,15.460000000000036,3.9300000000000637,0.0,99.06833333333333,8.3551878273581,14.170000000000016
2019-10-26,14.962708333333348,11.180000000000007,18.649999999999977,7.46999999999997,0.0,98.69729166666667,9.146443989348588,15.990000000000009
2019-10-27,9.562391304347845,5.260000000000048,15.779999999999973,10.519999999999925,0.002173913043478261,98.93239130434783,5.144461153500757,8.550000000000011
2019-10-28,6.971666666666683,5.029999999999973,10.600000000000023,5.57000000000005,0.0,99.32270833333332,4.3899477158888915,7.2000000000000455
2019-10-29,5.401250000000012,3.180000000000007,7.800000000000011,4.6200000000000045,0.0,99.72437500000001,3.422077052275311,5.649999999999977
2019-10-30,3.8214583333333523,1.740000000000009,6.980000000000018,5.240000000000009,0.0,100.14229166666667,1.974717595470828,3.2600000000000477
2019-10-31,1.8493750000000162,-1.0499999999999545,3.9600000000000364,5.009999999999991,0.0,99.77395833333333,0.8777775055342343,1.4300000000000068
2019-11-01,2.1418750000000215,-1.2200000000000273,6.5400000000000205,7.760000000000048,0.05416666666666667,98.274375,-0.27118900523703654,-0.4399999999999977
2019-11-02,11.412291666666688,6.710000000000036,15.57000000000005,8.860000000000014,0.010416666666666666,96.58416666666666,7.164403437373031,11.520000000000039
2019-11-03,10.775833333333347,9.180000000000007,12.529999999999973,3.349999999999966,0.027083333333333334,96.221875,6.14968691326681,10.0
2019-11-04,10.017291666666685,8.899999999999977,12.140000000000043,3.240000000000066,0.11458333333333333,96.32020833333333,5.884813105416329,9.57000000000005
2019-11-05,8.110416666666685,7.160000000000025,8.890000000000043,1.7300000000000182,0.0375,96.88937499999999,5.063420117022645,8.149999999999977
2019-11-06,6.436875000000017,5.2900000000000205,7.0400000000000205,1.75,0.09583333333333333,97.3525,4.0303299492073705,6.410000000000025
2019-11-07,7.29895833333335,5.140000000000043,10.360000000000014,5.21999999999997,0.0020833333333333333,97.4875,3.876777191874677,6.140000000000043
2019-11-08,6.12895833333335,4.860000000000014,7.310000000000002,2.4499999999999886,0.043750000000000004,97.92979166666667,4.160986873901142,7.149999999999977
2019-11-09,4.949375000000024,3.330000000000041,6.730000000000018,3.3999999999999773,0.03125,98.02916666666665,2.7622200169916753,4.390000000000043
2019-11-10,4.764791666666679,2.6299999999999955,7.520000000000039,4.890000000000043,0.0,98.52791666666667,3.2163811702198624,5.510000000000048
2019-11-11,2.9008333333333653,2.640000000000043,3.5600000000000023,0.9199999999999591,0.0,97.93041666666666,1.5708949772751435,2.640000000000043
2019-11-12,4.2881250000000195,2.660000000000025,6.960000000000036,4.300000000000011,0.0,97.62458333333332,2.4719613548744657,4.170000000000016
2019-11-13,3.8008333333333497,2.6100000000000136,5.670000000000016,3.0600000000000023,0.0,97.44687499999999,1.8838878893239248,3.170000000000016
2019-11-14,3.56062500000001,1.490000000000009,6.180000000000007,4.689999999999998,0.0,97.91375,2.2845015738501253,3.8100000000000023
2019-11-15,4.371875000000017,1.7600000000000477,6.850000000000023,5.089999999999975,0.0,97.67916666666667,2.162467501989603,3.4600000000000364
2019-11-16,3.8587500000000126,1.920000000000016,6.240000000000009,4.319999999999993,0.12083333333333333,98.02479166666666,1.6558480436791478,2.6200000000000045
2019-11-17,2.968125000000017,0.1400000000000432,4.760000000000048,4.6200000000000045,0.010416666666666666,98.30083333333333,1.2098214663665827,1.9500000000000455
2019-11-18,4.488958333333347,3.2700000000000387,5.420000000000016,2.1499999999999773,0.03541666666666667,97.83479166666666,3.040374916559299,4.810000000000002
2019-11-19,4.452500000000014,2.680000000000007,6.560000000000002,3.8799999999999955,0.012499999999999999,98.69458333333334,2.88788798079988,4.920000000000016
2019-11-20,3.1910416666666777,2.3799999999999955,3.8999999999999773,1.5199999999999818,0.01875,99.02104166666668,1.75776621825411,2.8100000000000023
2019-11-21,4.404583333333355,2.980000000000018,5.4500000000000455,2.4700000000000273,0.014583333333333335,98.346875,2.5877775089649417,4.089999999999975
2019-11-22,3.8708333333333513,2.5400000000000205,4.8799999999999955,2.339999999999975,0.0,98.16979166666665,2.2797790616613582,3.6299999999999955
2019-11-23,4.353333333333349,2.3799999999999955,6.980000000000018,4.600000000000023,0.0,97.87270833333334,2.724690422575842,4.310000000000002
2019-11-24,3.3283333333333545,2.4600000000000364,4.07000000000005,1.6100000000000136,0.0,98.18895833333333,1.6569913989532394,2.6200000000000045
2019-11-25,1.847500000000012,1.3000000000000114,2.9600000000000364,1.660000000000025,0.0,98.34041666666667,1.0881946645999132,1.7200000000000273
2019-11-26,4.766250000000017,1.330000000000041,8.07000000000005,6.740000000000009,0.0020833333333333333,97.87333333333333,2.194144474429081,3.4700000000000273
2019-11-27,6.745208333333348,4.230000000000018,8.830000000000041,4.600000000000023,0.03125,96.82208333333334,3.0785170717714054,4.9500000000000455
2019-11-28,8.969375000000015,6.970000000000027,10.770000000000039,3.8000000000000114,0.029166666666666664,96.36583333333334,5.369715701867757,9.189999999999998
2019-11-29,3.3604166666666884,0.6800000000000068,6.740000000000009,6.060000000000002,0.004166666666666667,97.81479166666666,2.1988770689550683,3.660000000000025
2019-11-30,2.2183333333333537,0.8300000000000409,4.680000000000007,3.849999999999966,0.0,99.36270833333333,1.0838734305229982,1.740000000000009
2019-12-01,1.460000000000014,0.5,3.5,3.0,0.0,99.38437499999999,0.9320697734236155,1.5200000000000387
2019-12-02,1.8739583333333532,0.07000000000005002,3.2700000000000387,3.1999999999999886,0.006250000000000001,99.40479166666667,0.5887665566475607,0.9300000000000068
2019-12-03,3.5064583333333594,1.6400000000000432,4.830000000000041,3.1899999999999977,0.0,99.83166666666666,1.889493499029391,2.980000000000018
2019-12-04,4.123958333333352,2.3999999999999773,6.189999999999998,3.7900000000000205,0.0,99.475625,1.4672216689977184,2.3999999999999773
2019-12-05,2.772291666666682,-0.410000000000025,4.960000000000036,5.370000000000061,0.0,99.02291666666667,1.5833507484589329,2.7900000000000205
2019-12-06,2.6725000000000185,-0.339999999999975,5.890000000000043,6.230000000000018,0.09583333333333334,98.13166666666666,2.4658617988914515,4.1299999999999955
2019-12-07,6.733958333333351,5.930000000000007,7.740000000000009,1.8100000000000023,0.043750000000000004,98.07249999999999,4.235091627739681,6.770000000000039
2019-12-08,7.578958333333347,5.860000000000014,10.100000000000023,4.240000000000009,0.008333333333333333,97.40208333333334,4.510729021453786,7.740000000000009
2019-12-09,5.3043750000000145,2.57000000000005,7.939999999999998,5.369999999999948,0.03125,97.33333333333333,3.4048644734867244,5.760000000000048
2019-12-10,2.2168750000000195,0.9500000000000455,4.589999999999975,3.6399999999999295,0.0,99.26604166666668,1.134919973027834,1.830000000000041
2019-12-11,1.311041666666681,-0.7200000000000273,3.3999999999999773,4.1200000000000045,0.27291666666666664,98.154375,1.0205859014136218,1.6800000000000068
2019-12-12,1.3062500000000188,-0.6699999999999591,2.7799999999999727,3.449999999999932,0.03125,97.32187499999999,0.42803288983960336,0.6800000000000068
2019-12-13,-0.0020833333333172277,-1.1099999999999568,1.07000000000005,2.180000000000007,0.014583333333333332,95.633125,-0.6758003649253707,-1.089999999999975
2019-12-14,3.04416666666668,0.9900000000000091,4.730000000000018,3.740000000000009,0.10416666666666667,96.23312499999999,1.5727305213693097,2.5200000000000387
2019-12-15,5.348333333333351,3.07000000000005,7.810000000000002,4.739999999999952,0.01875,97.31854166666666,4.074755653491977,6.649999999999977
2019-12-16,6.554375000000012,3.7700000000000387,8.480000000000018,4.7099999999999795,0.006250000000000001,98.03875,3.387164820361494,5.57000000000005
2019-12-17,10.611666666666688,6.180000000000007,13.730000000000018,7.550000000000011,0.0,97.734375,5.695896723963229,10.029999999999973
2019-12-18,7.694583333333348,5.920000000000016,14.029999999999973,8.109999999999957,0.0,98.80333333333334,3.7822160801699463,6.210000000000036
2019-12-19,5.963333333333348,4.25,8.730000000000018,4.480000000000018,0.0,98.59104166666667,4.17351996975283,6.8700000000000045
2019-12-20,7.257500000000014,4.149999999999977,12.399999999999977,8.25,0.0,96.70416666666667,2.8864478831862037,4.830000000000041
2019-12-21,6.456875000000018,3.670000000000016,9.050000000000011,5.3799999999999955,0.0,96.50979166666667,3.8564151754842,6.600000000000023
2019-12-22,4.062500000000015,1.0100000000000477,6.439999999999998,5.42999999999995,0.010416666666666666,96.10791666666667,1.2452675944266065,1.990000000000009
2019-12-23,5.616250000000012,4.740000000000009,6.800000000000011,2.0600000000000023,0.010416666666666666,97.57687499999999,3.3690378509530485,5.6299999999999955
2019-12-24,4.8443750000000145,3.5600000000000023,6.029999999999973,2.4699999999999704,0.09375,98.15166666666666,2.32621588428376,3.830000000000041
2019-12-25,4.338541666666683,3.430000000000007,5.910000000000025,2.480000000000018,0.05833333333333333,98.805,2.212242316302046,3.5
2019-12-26,3.4891666666666823,2.6499999999999773,4.110000000000014,1.4600000000000364,0.0,99.58437500000001,1.9243144185391379,3.0600000000000023
2019-12-27,1.5510416666666818,-0.8899999999999864,4.160000000000025,5.050000000000011,0.004166666666666667,100.20645833333333,1.0606053619748688,1.6800000000000068
2019-12-28,-1.5366666666666475,-2.4499999999999886,-0.7200000000000273,1.7299999999999613,0.0,101.27791666666667,-1.1167211833419044,-1.829999999999984
2019-12-29,0.531875000000016,-3.0299999999999727,6.460000000000036,9.490000000000009,0.0,100.86770833333333,-0.7029474621218763,-1.2099999999999795
2019-12-30,8.247708333333348,4.839999999999975,10.620000000000005,5.78000000000003,0.0,99.97833333333334,3.2685476607855515,6.720000000000027
2019-12-31,4.061739130434792,2.9700000000000273,6.32000000000005,3.3500000000000227,0.0,100.18608695652175,1.876004151695276,2.9700000000000273
